0: 0
1: 0 1
2: 2
3: 0 2 3
4: 1 3 4
5: 0 2 3 5
6: 3 5 6
7: 4 6 7
8: 3 5 6 8
9: 6 8 9
10: 7 9 10
11: 6 8 9 11
12: 9 11 12
13: 10 12 13
14: 9 11 12 14
15: 12 14 15
16: 13 15 16
17: 12 14 15 17
18: 15 17 18
19: 16 18 19
20: 15 17 18 20
21: 18 20 21
22: 19 21 22
23: 18 20 21 23
24: 21 23 24
25: 22 24 25
26: 21 23 24 26
27: 24 26 27
28: 25 27 28
29: 24 26 27 29
30: 27 29 30
31: 28 30 31
32: 27 29 30 32
33: 30 32 33
34: 31 33 34
35: 30 32 33 35
36: 33 35 36
37: 34 36 37
38: 33 35 36 38
39: 36 38 39
40: 37 39 40
41: 36 38 39 41
42: 39 41 42
43: 40 42 43
44: 39 41 42 44
45: 42 44 45
46: 43 45 46
47: 42 44 45 47
48: 45 47 48
49: 46 48 49
50: 45 47 48 50
51: 48 50 51
52: 49 51 52
53: 48 50 51 53
54: 51 53 54
55: 52 54 55
56: 51 53 54 56
57: 0 1 3 4 5 57
58: 0 1 3 4 57 58
59: 0 2 3 5 59
60: 0 1 2 3 4 6 7 8 57 59 60
61: 0 1 3 4 6 7 58 60 61
62: 0 2 3 5 6 8 57 59 62
63: 3 4 5 6 7 9 10 11 60 62 63
64: 3 4 6 7 9 10 61 63 64
65: 3 5 6 8 9 11 60 62 65
66: 6 7 8 9 10 12 13 14 63 65 66
67: 6 7 9 10 12 13 64 66 67
68: 6 8 9 11 12 14 63 65 68
69: 9 10 11 12 13 15 16 17 66 68 69
70: 9 10 12 13 15 16 67 69 70
71: 9 11 12 14 15 17 66 68 71
72: 12 13 14 15 16 18 19 20 69 71 72
73: 12 13 15 16 18 19 70 72 73
74: 12 14 15 17 18 20 69 71 74
75: 15 16 17 18 19 21 22 23 72 74 75
76: 15 16 18 19 21 22 73 75 76
77: 15 17 18 20 21 23 72 74 77
78: 18 19 20 21 22 24 25 26 75 77 78
79: 18 19 21 22 24 25 76 78 79
80: 18 20 21 23 24 26 75 77 80
81: 21 22 23 24 25 27 28 29 78 80 81
82: 21 22 24 25 27 28 79 81 82
83: 21 23 24 26 27 29 78 80 83
84: 24 25 26 27 28 30 31 32 81 83 84
85: 24 25 27 28 30 31 82 84 85
86: 24 26 27 29 30 32 81 83 86
87: 27 28 29 30 31 33 34 35 84 86 87
88: 27 28 30 31 33 34 85 87 88
89: 27 29 30 32 33 35 84 86 89
90: 30 31 32 33 34 36 37 38 87 89 90
91: 30 31 33 34 36 37 88 90 91
92: 30 32 33 35 36 38 87 89 92
93: 33 34 35 36 37 39 40 41 90 92 93
94: 33 34 36 37 39 40 91 93 94
95: 33 35 36 38 39 41 90 92 95
96: 36 37 38 39 40 42 43 44 93 95 96
97: 36 37 39 40 42 43 94 96 97
98: 36 38 39 41 42 44 93 95 98
99: 39 40 41 42 43 45 46 47 96 98 99
100: 39 40 42 43 45 46 97 99 100
101: 39 41 42 44 45 47 96 98 101
102: 42 43 44 45 46 48 49 50 99 101 102
103: 42 43 45 46 48 49 100 102 103
104: 42 44 45 47 48 50 99 101 104
105: 45 46 47 48 49 51 52 53 102 104 105
106: 45 46 48 49 51 52 103 105 106
107: 45 47 48 50 51 53 102 104 107
108: 48 49 50 51 52 54 55 56 105 107 108
109: 48 49 51 52 54 55 106 108 109
110: 48 50 51 53 54 56 105 107 110
111: 51 52 53 54 55 108 110 111
112: 51 52 54 55 109 111 112
113: 51 53 54 56 108 110 113
114: 57 58 60 61 62 114
115: 57 58 60 61 114 115
116: 57 59 60 62 116
117: 57 58 59 60 61 63 64 65 114 116 117
118: 57 58 60 61 63 64 115 117 118
119: 57 59 60 62 63 65 114 116 119
120: 60 61 62 63 64 66 67 68 117 119 120
121: 60 61 63 64 66 67 118 120 121
122: 60 62 63 65 66 68 117 119 122
123: 63 64 65 66 67 69 70 71 120 122 123
124: 63 64 66 67 69 70 121 123 124
125: 63 65 66 68 69 71 120 122 125
126: 66 67 68 69 70 72 73 74 123 125 126
127: 66 67 69 70 72 73 124 126 127
128: 66 68 69 71 72 74 123 125 128
129: 69 70 71 72 73 75 76 77 126 128 129
130: 69 70 72 73 75 76 127 129 130
131: 69 71 72 74 75 77 126 128 131
132: 72 73 74 75 76 78 79 80 129 131 132
133: 72 73 75 76 78 79 130 132 133
134: 72 74 75 77 78 80 129 131 134
135: 75 76 77 78 79 81 82 83 132 134 135
136: 75 76 78 79 81 82 133 135 136
137: 75 77 78 80 81 83 132 134 137
138: 78 79 80 81 82 84 85 86 135 137 138
139: 78 79 81 82 84 85 136 138 139
140: 78 80 81 83 84 86 135 137 140
141: 81 82 83 84 85 87 88 89 138 140 141
142: 81 82 84 85 87 88 139 141 142
143: 81 83 84 86 87 89 138 140 143
144: 84 85 86 87 88 90 91 92 141 143 144
145: 84 85 87 88 90 91 142 144 145
146: 84 86 87 89 90 92 141 143 146
147: 87 88 89 90 91 93 94 95 144 146 147
148: 87 88 90 91 93 94 145 147 148
149: 87 89 90 92 93 95 144 146 149
150: 90 91 92 93 94 96 97 98 147 149 150
151: 90 91 93 94 96 97 148 150 151
152: 90 92 93 95 96 98 147 149 152
153: 93 94 95 96 97 99 100 101 150 152 153
154: 93 94 96 97 99 100 151 153 154
155: 93 95 96 98 99 101 150 152 155
156: 96 97 98 99 100 102 103 104 153 155 156
157: 96 97 99 100 102 103 154 156 157
158: 96 98 99 101 102 104 153 155 158
159: 99 100 101 102 103 105 106 107 156 158 159
160: 99 100 102 103 105 106 157 159 160
161: 99 101 102 104 105 107 156 158 161
162: 102 103 104 105 106 108 109 110 159 161 162
163: 102 103 105 106 108 109 160 162 163
164: 102 104 105 107 108 110 159 161 164
165: 105 106 107 108 109 111 112 113 162 164 165
166: 105 106 108 109 111 112 163 165 166
167: 105 107 108 110 111 113 162 164 167
168: 108 109 110 111 112 165 167 168
169: 108 109 111 112 166 168 169
170: 108 110 111 113 165 167 170
171: 114 115 117 118 119 171
172: 114 115 117 118 171 172
173: 114 116 117 119 173
174: 114 115 116 117 118 120 121 122 171 173 174
175: 114 115 117 118 120 121 172 174 175
176: 114 116 117 119 120 122 171 173 176
177: 117 118 119 120 121 123 124 125 174 176 177
178: 117 118 120 121 123 124 175 177 178
179: 117 119 120 122 123 125 174 176 179
180: 120 121 122 123 124 126 127 128 177 179 180
181: 120 121 123 124 126 127 178 180 181
182: 120 122 123 125 126 128 177 179 182
183: 123 124 125 126 127 129 130 131 180 182 183
184: 123 124 126 127 129 130 181 183 184
185: 123 125 126 128 129 131 180 182 185
186: 126 127 128 129 130 132 133 134 183 185 186
187: 126 127 129 130 132 133 184 186 187
188: 126 128 129 131 132 134 183 185 188
189: 129 130 131 132 133 135 136 137 186 188 189
190: 129 130 132 133 135 136 187 189 190
191: 129 131 132 134 135 137 186 188 191
192: 132 133 134 135 136 138 139 140 189 191 192
193: 132 133 135 136 138 139 190 192 193
194: 132 134 135 137 138 140 189 191 194
195: 135 136 137 138 139 141 142 143 192 194 195
196: 135 136 138 139 141 142 193 195 196
197: 135 137 138 140 141 143 192 194 197
198: 138 139 140 141 142 144 145 146 195 197 198
199: 138 139 141 142 144 145 196 198 199
200: 138 140 141 143 144 146 195 197 200
201: 141 142 143 144 145 147 148 149 198 200 201
202: 141 142 144 145 147 148 199 201 202
203: 141 143 144 146 147 149 198 200 203
204: 144 145 146 147 148 150 151 152 201 203 204
205: 144 145 147 148 150 151 202 204 205
206: 144 146 147 149 150 152 201 203 206
207: 147 148 149 150 151 153 154 155 204 206 207
208: 147 148 150 151 153 154 205 207 208
209: 147 149 150 152 153 155 204 206 209
210: 150 151 152 153 154 156 157 158 207 209 210
211: 150 151 153 154 156 157 208 210 211
212: 150 152 153 155 156 158 207 209 212
213: 153 154 155 156 157 159 160 161 210 212 213
214: 153 154 156 157 159 160 211 213 214
215: 153 155 156 158 159 161 210 212 215
216: 156 157 158 159 160 162 163 164 213 215 216
217: 156 157 159 160 162 163 214 216 217
218: 156 158 159 161 162 164 213 215 218
219: 159 160 161 162 163 165 166 167 216 218 219
220: 159 160 162 163 165 166 217 219 220
221: 159 161 162 164 165 167 216 218 221
222: 162 163 164 165 166 168 169 170 219 221 222
223: 162 163 165 166 168 169 220 222 223
224: 162 164 165 167 168 170 219 221 224
225: 165 166 167 168 169 222 224 225
226: 165 166 168 169 223 225 226
227: 165 167 168 170 222 224 227
228: 171 172 174 175 176 228
229: 171 172 174 175 228 229
230: 171 173 174 176 230
231: 171 172 173 174 175 177 178 179 228 230 231
232: 171 172 174 175 177 178 229 231 232
233: 171 173 174 176 177 179 228 230 233
234: 174 175 176 177 178 180 181 182 231 233 234
235: 174 175 177 178 180 181 232 234 235
236: 174 176 177 179 180 182 231 233 236
237: 177 178 179 180 181 183 184 185 234 236 237
238: 177 178 180 181 183 184 235 237 238
239: 177 179 180 182 183 185 234 236 239
240: 180 181 182 183 184 186 187 188 237 239 240
241: 180 181 183 184 186 187 238 240 241
242: 180 182 183 185 186 188 237 239 242
243: 183 184 185 186 187 189 190 191 240 242 243
244: 183 184 186 187 189 190 241 243 244
245: 183 185 186 188 189 191 240 242 245
246: 186 187 188 189 190 192 193 194 243 245 246
247: 186 187 189 190 192 193 244 246 247
248: 186 188 189 191 192 194 243 245 248
249: 189 190 191 192 193 195 196 197 246 248 249
250: 189 190 192 193 195 196 247 249 250
251: 189 191 192 194 195 197 246 248 251
252: 192 193 194 195 196 198 199 200 249 251 252
253: 192 193 195 196 198 199 250 252 253
254: 192 194 195 197 198 200 249 251 254
255: 195 196 197 198 199 201 202 203 252 254 255
256: 195 196 198 199 201 202 253 255 256
257: 195 197 198 200 201 203 252 254 257
258: 198 199 200 201 202 204 205 206 255 257 258
259: 198 199 201 202 204 205 256 258 259
260: 198 200 201 203 204 206 255 257 260
261: 201 202 203 204 205 207 208 209 258 260 261
262: 201 202 204 205 207 208 259 261 262
263: 201 203 204 206 207 209 258 260 263
264: 204 205 206 207 208 210 211 212 261 263 264
265: 204 205 207 208 210 211 262 264 265
266: 204 206 207 209 210 212 261 263 266
267: 207 208 209 210 211 213 214 215 264 266 267
268: 207 208 210 211 213 214 265 267 268
269: 207 209 210 212 213 215 264 266 269
270: 210 211 212 213 214 216 217 218 267 269 270
271: 210 211 213 214 216 217 268 270 271
272: 210 212 213 215 216 218 267 269 272
273: 213 214 215 216 217 219 220 221 270 272 273
274: 213 214 216 217 219 220 271 273 274
275: 213 215 216 218 219 221 270 272 275
276: 216 217 218 219 220 222 223 224 273 275 276
277: 216 217 219 220 222 223 274 276 277
278: 216 218 219 221 222 224 273 275 278
279: 219 220 221 222 223 225 226 227 276 278 279
280: 219 220 222 223 225 226 277 279 280
281: 219 221 222 224 225 227 276 278 281
282: 222 223 224 225 226 279 281 282
283: 222 223 225 226 280 282 283
284: 222 224 225 227 279 281 284
285: 228 229 231 232 233 285
286: 228 229 231 232 285 286
287: 228 230 231 233 287
288: 228 229 230 231 232 234 235 236 285 287 288
289: 228 229 231 232 234 235 286 288 289
290: 228 230 231 233 234 236 285 287 290
291: 231 232 233 234 235 237 238 239 288 290 291
292: 231 232 234 235 237 238 289 291 292
293: 231 233 234 236 237 239 288 290 293
294: 234 235 236 237 238 240 241 242 291 293 294
295: 234 235 237 238 240 241 292 294 295
296: 234 236 237 239 240 242 291 293 296
297: 237 238 239 240 241 243 244 245 294 296 297
298: 237 238 240 241 243 244 295 297 298
299: 237 239 240 242 243 245 294 296 299
300: 240 241 242 243 244 246 247 248 297 299 300
301: 240 241 243 244 246 247 298 300 301
302: 240 242 243 245 246 248 297 299 302
303: 243 244 245 246 247 249 250 251 300 302 303
304: 243 244 246 247 249 250 301 303 304
305: 243 245 246 248 249 251 300 302 305
306: 246 247 248 249 250 252 253 254 303 305 306
307: 246 247 249 250 252 253 304 306 307
308: 246 248 249 251 252 254 303 305 308
309: 249 250 251 252 253 255 256 257 306 308 309
310: 249 250 252 253 255 256 307 309 310
311: 249 251 252 254 255 257 306 308 311
312: 252 253 254 255 256 258 259 260 309 311 312
313: 252 253 255 256 258 259 310 312 313
314: 252 254 255 257 258 260 309 311 314
315: 255 256 257 258 259 261 262 263 312 314 315
316: 255 256 258 259 261 262 313 315 316
317: 255 257 258 260 261 263 312 314 317
318: 258 259 260 261 262 264 265 266 315 317 318
319: 258 259 261 262 264 265 316 318 319
320: 258 260 261 263 264 266 315 317 320
321: 261 262 263 264 265 267 268 269 318 320 321
322: 261 262 264 265 267 268 319 321 322
323: 261 263 264 266 267 269 318 320 323
324: 264 265 266 267 268 270 271 272 321 323 324
325: 264 265 267 268 270 271 322 324 325
326: 264 266 267 269 270 272 321 323 326
327: 267 268 269 270 271 273 274 275 324 326 327
328: 267 268 270 271 273 274 325 327 328
329: 267 269 270 272 273 275 324 326 329
330: 270 271 272 273 274 276 277 278 327 329 330
331: 270 271 273 274 276 277 328 330 331
332: 270 272 273 275 276 278 327 329 332
333: 273 274 275 276 277 279 280 281 330 332 333
334: 273 274 276 277 279 280 331 333 334
335: 273 275 276 278 279 281 330 332 335
336: 276 277 278 279 280 282 283 284 333 335 336
337: 276 277 279 280 282 283 334 336 337
338: 276 278 279 281 282 284 333 335 338
339: 279 280 281 282 283 336 338 339
340: 279 280 282 283 337 339 340
341: 279 281 282 284 336 338 341
342: 285 286 288 289 290 342
343: 285 286 288 289 342 343
344: 285 287 288 290 344
345: 285 286 287 288 289 291 292 293 342 344 345
346: 285 286 288 289 291 292 343 345 346
347: 285 287 288 290 291 293 342 344 347
348: 288 289 290 291 292 294 295 296 345 347 348
349: 288 289 291 292 294 295 346 348 349
350: 288 290 291 293 294 296 345 347 350
351: 291 292 293 294 295 297 298 299 348 350 351
352: 291 292 294 295 297 298 349 351 352
353: 291 293 294 296 297 299 348 350 353
354: 294 295 296 297 298 300 301 302 351 353 354
355: 294 295 297 298 300 301 352 354 355
356: 294 296 297 299 300 302 351 353 356
357: 297 298 299 300 301 303 304 305 354 356 357
358: 297 298 300 301 303 304 355 357 358
359: 297 299 300 302 303 305 354 356 359
360: 300 301 302 303 304 306 307 308 357 359 360
361: 300 301 303 304 306 307 358 360 361
362: 300 302 303 305 306 308 357 359 362
363: 303 304 305 306 307 309 310 311 360 362 363
364: 303 304 306 307 309 310 361 363 364
365: 303 305 306 308 309 311 360 362 365
366: 306 307 308 309 310 312 313 314 363 365 366
367: 306 307 309 310 312 313 364 366 367
368: 306 308 309 311 312 314 363 365 368
369: 309 310 311 312 313 315 316 317 366 368 369
370: 309 310 312 313 315 316 367 369 370
371: 309 311 312 314 315 317 366 368 371
372: 312 313 314 315 316 318 319 320 369 371 372
373: 312 313 315 316 318 319 370 372 373
374: 312 314 315 317 318 320 369 371 374
375: 315 316 317 318 319 321 322 323 372 374 375
376: 315 316 318 319 321 322 373 375 376
377: 315 317 318 320 321 323 372 374 377
378: 318 319 320 321 322 324 325 326 375 377 378
379: 318 319 321 322 324 325 376 378 379
380: 318 320 321 323 324 326 375 377 380
381: 321 322 323 324 325 327 328 329 378 380 381
382: 321 322 324 325 327 328 379 381 382
383: 321 323 324 326 327 329 378 380 383
384: 324 325 326 327 328 330 331 332 381 383 384
385: 324 325 327 328 330 331 382 384 385
386: 324 326 327 329 330 332 381 383 386
387: 327 328 329 330 331 333 334 335 384 386 387
388: 327 328 330 331 333 334 385 387 388
389: 327 329 330 332 333 335 384 386 389
390: 330 331 332 333 334 336 337 338 387 389 390
391: 330 331 333 334 336 337 388 390 391
392: 330 332 333 335 336 338 387 389 392
393: 333 334 335 336 337 339 340 341 390 392 393
394: 333 334 336 337 339 340 391 393 394
395: 333 335 336 338 339 341 390 392 395
396: 336 337 338 339 340 393 395 396
397: 336 337 339 340 394 396 397
398: 336 338 339 341 393 395 398
399: 342 343 345 346 347 399
400: 342 343 345 346 399 400
401: 342 344 345 347 401
402: 342 343 344 345 346 348 349 350 399 401 402
403: 342 343 345 346 348 349 400 402 403
404: 342 344 345 347 348 350 399 401 404
405: 345 346 347 348 349 351 352 353 402 404 405
406: 345 346 348 349 351 352 403 405 406
407: 345 347 348 350 351 353 402 404 407
408: 348 349 350 351 352 354 355 356 405 407 408
409: 348 349 351 352 354 355 406 408 409
410: 348 350 351 353 354 356 405 407 410
411: 351 352 353 354 355 357 358 359 408 410 411
412: 351 352 354 355 357 358 409 411 412
413: 351 353 354 356 357 359 408 410 413
414: 354 355 356 357 358 360 361 362 411 413 414
415: 354 355 357 358 360 361 412 414 415
416: 354 356 357 359 360 362 411 413 416
417: 357 358 359 360 361 363 364 365 414 416 417
418: 357 358 360 361 363 364 415 417 418
419: 357 359 360 362 363 365 414 416 419
420: 360 361 362 363 364 366 367 368 417 419 420
421: 360 361 363 364 366 367 418 420 421
422: 360 362 363 365 366 368 417 419 422
423: 363 364 365 366 367 369 370 371 420 422 423
424: 363 364 366 367 369 370 421 423 424
425: 363 365 366 368 369 371 420 422 425
426: 366 367 368 369 370 372 373 374 423 425 426
427: 366 367 369 370 372 373 424 426 427
428: 366 368 369 371 372 374 423 425 428
429: 369 370 371 372 373 375 376 377 426 428 429
430: 369 370 372 373 375 376 427 429 430
431: 369 371 372 374 375 377 426 428 431
432: 372 373 374 375 376 378 379 380 429 431 432
433: 372 373 375 376 378 379 430 432 433
434: 372 374 375 377 378 380 429 431 434
435: 375 376 377 378 379 381 382 383 432 434 435
436: 375 376 378 379 381 382 433 435 436
437: 375 377 378 380 381 383 432 434 437
438: 378 379 380 381 382 384 385 386 435 437 438
439: 378 379 381 382 384 385 436 438 439
440: 378 380 381 383 384 386 435 437 440
441: 381 382 383 384 385 387 388 389 438 440 441
442: 381 382 384 385 387 388 439 441 442
443: 381 383 384 386 387 389 438 440 443
444: 384 385 386 387 388 390 391 392 441 443 444
445: 384 385 387 388 390 391 442 444 445
446: 384 386 387 389 390 392 441 443 446
447: 387 388 389 390 391 393 394 395 444 446 447
448: 387 388 390 391 393 394 445 447 448
449: 387 389 390 392 393 395 444 446 449
450: 390 391 392 393 394 396 397 398 447 449 450
451: 390 391 393 394 396 397 448 450 451
452: 390 392 393 395 396 398 447 449 452
453: 393 394 395 396 397 450 452 453
454: 393 394 396 397 451 453 454
455: 393 395 396 398 450 452 455
456: 399 400 402 403 404 456
457: 399 400 402 403 456 457
458: 399 401 402 404 458
459: 399 400 401 402 403 405 406 407 456 458 459
460: 399 400 402 403 405 406 457 459 460
461: 399 401 402 404 405 407 456 458 461
462: 402 403 404 405 406 408 409 410 459 461 462
463: 402 403 405 406 408 409 460 462 463
464: 402 404 405 407 408 410 459 461 464
465: 405 406 407 408 409 411 412 413 462 464 465
466: 405 406 408 409 411 412 463 465 466
467: 405 407 408 410 411 413 462 464 467
468: 408 409 410 411 412 414 415 416 465 467 468
469: 408 409 411 412 414 415 466 468 469
470: 408 410 411 413 414 416 465 467 470
471: 411 412 413 414 415 417 418 419 468 470 471
472: 411 412 414 415 417 418 469 471 472
473: 411 413 414 416 417 419 468 470 473
474: 414 415 416 417 418 420 421 422 471 473 474
475: 414 415 417 418 420 421 472 474 475
476: 414 416 417 419 420 422 471 473 476
477: 417 418 419 420 421 423 424 425 474 476 477
478: 417 418 420 421 423 424 475 477 478
479: 417 419 420 422 423 425 474 476 479
480: 420 421 422 423 424 426 427 428 477 479 480
481: 420 421 423 424 426 427 478 480 481
482: 420 422 423 425 426 428 477 479 482
483: 423 424 425 426 427 429 430 431 480 482 483
484: 423 424 426 427 429 430 481 483 484
485: 423 425 426 428 429 431 480 482 485
486: 426 427 428 429 430 432 433 434 483 485 486
487: 426 427 429 430 432 433 484 486 487
488: 426 428 429 431 432 434 483 485 488
489: 429 430 431 432 433 435 436 437 486 488 489
490: 429 430 432 433 435 436 487 489 490
491: 429 431 432 434 435 437 486 488 491
492: 432 433 434 435 436 438 439 440 489 491 492
493: 432 433 435 436 438 439 490 492 493
494: 432 434 435 437 438 440 489 491 494
495: 435 436 437 438 439 441 442 443 492 494 495
496: 435 436 438 439 441 442 493 495 496
497: 435 437 438 440 441 443 492 494 497
498: 438 439 440 441 442 444 445 446 495 497 498
499: 438 439 441 442 444 445 496 498 499
500: 438 440 441 443 444 446 495 497 500
501: 441 442 443 444 445 447 448 449 498 500 501
502: 441 442 444 445 447 448 499 501 502
503: 441 443 444 446 447 449 498 500 503
504: 444 445 446 447 448 450 451 452 501 503 504
505: 444 445 447 448 450 451 502 504 505
506: 444 446 447 449 450 452 501 503 506
507: 447 448 449 450 451 453 454 455 504 506 507
508: 447 448 450 451 453 454 505 507 508
509: 447 449 450 452 453 455 504 506 509
510: 450 451 452 453 454 507 509 510
511: 450 451 453 454 508 510 511
512: 450 452 453 455 507 509 512
513: 456 457 459 460 461 513
514: 456 457 459 460 513 514
515: 456 458 459 461 515
516: 456 457 458 459 460 462 463 464 513 515 516
517: 456 457 459 460 462 463 514 516 517
518: 456 458 459 461 462 464 513 515 518
519: 459 460 461 462 463 465 466 467 516 518 519
520: 459 460 462 463 465 466 517 519 520
521: 459 461 462 464 465 467 516 518 521
522: 462 463 464 465 466 468 469 470 519 521 522
523: 462 463 465 466 468 469 520 522 523
524: 462 464 465 467 468 470 519 521 524
525: 465 466 467 468 469 471 472 473 522 524 525
526: 465 466 468 469 471 472 523 525 526
527: 465 467 468 470 471 473 522 524 527
528: 468 469 470 471 472 474 475 476 525 527 528
529: 468 469 471 472 474 475 526 528 529
530: 468 470 471 473 474 476 525 527 530
531: 471 472 473 474 475 477 478 479 528 530 531
532: 471 472 474 475 477 478 529 531 532
533: 471 473 474 476 477 479 528 530 533
534: 474 475 476 477 478 480 481 482 531 533 534
535: 474 475 477 478 480 481 532 534 535
536: 474 476 477 479 480 482 531 533 536
537: 477 478 479 480 481 483 484 485 534 536 537
538: 477 478 480 481 483 484 535 537 538
539: 477 479 480 482 483 485 534 536 539
540: 480 481 482 483 484 486 487 488 537 539 540
541: 480 481 483 484 486 487 538 540 541
542: 480 482 483 485 486 488 537 539 542
543: 483 484 485 486 487 489 490 491 540 542 543
544: 483 484 486 487 489 490 541 543 544
545: 483 485 486 488 489 491 540 542 545
546: 486 487 488 489 490 492 493 494 543 545 546
547: 486 487 489 490 492 493 544 546 547
548: 486 488 489 491 492 494 543 545 548
549: 489 490 491 492 493 495 496 497 546 548 549
550: 489 490 492 493 495 496 547 549 550
551: 489 491 492 494 495 497 546 548 551
552: 492 493 494 495 496 498 499 500 549 551 552
553: 492 493 495 496 498 499 550 552 553
554: 492 494 495 497 498 500 549 551 554
555: 495 496 497 498 499 501 502 503 552 554 555
556: 495 496 498 499 501 502 553 555 556
557: 495 497 498 500 501 503 552 554 557
558: 498 499 500 501 502 504 505 506 555 557 558
559: 498 499 501 502 504 505 556 558 559
560: 498 500 501 503 504 506 555 557 560
561: 501 502 503 504 505 507 508 509 558 560 561
562: 501 502 504 505 507 508 559 561 562
563: 501 503 504 506 507 509 558 560 563
564: 504 505 506 507 508 510 511 512 561 563 564
565: 504 505 507 508 510 511 562 564 565
566: 504 506 507 509 510 512 561 563 566
567: 507 508 509 510 511 564 566 567
568: 507 508 510 511 565 567 568
569: 507 509 510 512 564 566 569
570: 513 514 516 517 518 570
571: 513 514 516 517 570 571
572: 513 515 516 518 572
573: 513 514 515 516 517 519 520 521 570 572 573
574: 513 514 516 517 519 520 571 573 574
575: 513 515 516 518 519 521 570 572 575
576: 516 517 518 519 520 522 523 524 573 575 576
577: 516 517 519 520 522 523 574 576 577
578: 516 518 519 521 522 524 573 575 578
579: 519 520 521 522 523 525 526 527 576 578 579
580: 519 520 522 523 525 526 577 579 580
581: 519 521 522 524 525 527 576 578 581
582: 522 523 524 525 526 528 529 530 579 581 582
583: 522 523 525 526 528 529 580 582 583
584: 522 524 525 527 528 530 579 581 584
585: 525 526 527 528 529 531 532 533 582 584 585
586: 525 526 528 529 531 532 583 585 586
587: 525 527 528 530 531 533 582 584 587
588: 528 529 530 531 532 534 535 536 585 587 588
589: 528 529 531 532 534 535 586 588 589
590: 528 530 531 533 534 536 585 587 590
591: 531 532 533 534 535 537 538 539 588 590 591
592: 531 532 534 535 537 538 589 591 592
593: 531 533 534 536 537 539 588 590 593
594: 534 535 536 537 538 540 541 542 591 593 594
595: 534 535 537 538 540 541 592 594 595
596: 534 536 537 539 540 542 591 593 596
597: 537 538 539 540 541 543 544 545 594 596 597
598: 537 538 540 541 543 544 595 597 598
599: 537 539 540 542 543 545 594 596 599
600: 540 541 542 543 544 546 547 548 597 599 600
601: 540 541 543 544 546 547 598 600 601
602: 540 542 543 545 546 548 597 599 602
603: 543 544 545 546 547 549 550 551 600 602 603
604: 543 544 546 547 549 550 601 603 604
605: 543 545 546 548 549 551 600 602 605
606: 546 547 548 549 550 552 553 554 603 605 606
607: 546 547 549 550 552 553 604 606 607
608: 546 548 549 551 552 554 603 605 608
609: 549 550 551 552 553 555 556 557 606 608 609
610: 549 550 552 553 555 556 607 609 610
611: 549 551 552 554 555 557 606 608 611
612: 552 553 554 555 556 558 559 560 609 611 612
613: 552 553 555 556 558 559 610 612 613
614: 552 554 555 557 558 560 609 611 614
615: 555 556 557 558 559 561 562 563 612 614 615
616: 555 556 558 559 561 562 613 615 616
617: 555 557 558 560 561 563 612 614 617
618: 558 559 560 561 562 564 565 566 615 617 618
619: 558 559 561 562 564 565 616 618 619
620: 558 560 561 563 564 566 615 617 620
621: 561 562 563 564 565 567 568 569 618 620 621
622: 561 562 564 565 567 568 619 621 622
623: 561 563 564 566 567 569 618 620 623
624: 564 565 566 567 568 621 623 624
625: 564 565 567 568 622 624 625
626: 564 566 567 569 621 623 626
627: 570 571 573 574 575 627
628: 570 571 573 574 627 628
629: 570 572 573 575 629
630: 570 571 572 573 574 576 577 578 627 629 630
631: 570 571 573 574 576 577 628 630 631
632: 570 572 573 575 576 578 627 629 632
633: 573 574 575 576 577 579 580 581 630 632 633
634: 573 574 576 577 579 580 631 633 634
635: 573 575 576 578 579 581 630 632 635
636: 576 577 578 579 580 582 583 584 633 635 636
637: 576 577 579 580 582 583 634 636 637
638: 576 578 579 581 582 584 633 635 638
639: 579 580 581 582 583 585 586 587 636 638 639
640: 579 580 582 583 585 586 637 639 640
641: 579 581 582 584 585 587 636 638 641
642: 582 583 584 585 586 588 589 590 639 641 642
643: 582 583 585 586 588 589 640 642 643
644: 582 584 585 587 588 590 639 641 644
645: 585 586 587 588 589 591 592 593 642 644 645
646: 585 586 588 589 591 592 643 645 646
647: 585 587 588 590 591 593 642 644 647
648: 588 589 590 591 592 594 595 596 645 647 648
649: 588 589 591 592 594 595 646 648 649
650: 588 590 591 593 594 596 645 647 650
651: 591 592 593 594 595 597 598 599 648 650 651
652: 591 592 594 595 597 598 649 651 652
653: 591 593 594 596 597 599 648 650 653
654: 594 595 596 597 598 600 601 602 651 653 654
655: 594 595 597 598 600 601 652 654 655
656: 594 596 597 599 600 602 651 653 656
657: 597 598 599 600 601 603 604 605 654 656 657
658: 597 598 600 601 603 604 655 657 658
659: 597 599 600 602 603 605 654 656 659
660: 600 601 602 603 604 606 607 608 657 659 660
661: 600 601 603 604 606 607 658 660 661
662: 600 602 603 605 606 608 657 659 662
663: 603 604 605 606 607 609 610 611 660 662 663
664: 603 604 606 607 609 610 661 663 664
665: 603 605 606 608 609 611 660 662 665
666: 606 607 608 609 610 612 613 614 663 665 666
667: 606 607 609 610 612 613 664 666 667
668: 606 608 609 611 612 614 663 665 668
669: 609 610 611 612 613 615 616 617 666 668 669
670: 609 610 612 613 615 616 667 669 670
671: 609 611 612 614 615 617 666 668 671
672: 612 613 614 615 616 618 619 620 669 671 672
673: 612 613 615 616 618 619 670 672 673
674: 612 614 615 617 618 620 669 671 674
675: 615 616 617 618 619 621 622 623 672 674 675
676: 615 616 618 619 621 622 673 675 676
677: 615 617 618 620 621 623 672 674 677
678: 618 619 620 621 622 624 625 626 675 677 678
679: 618 619 621 622 624 625 676 678 679
680: 618 620 621 623 624 626 675 677 680
681: 621 622 623 624 625 678 680 681
682: 621 622 624 625 679 681 682
683: 621 623 624 626 678 680 683
684: 627 628 630 631 632 684
685: 627 628 630 631 684 685
686: 627 629 630 632 686
687: 627 628 629 630 631 633 634 635 684 686 687
688: 627 628 630 631 633 634 685 687 688
689: 627 629 630 632 633 635 684 686 689
690: 630 631 632 633 634 636 637 638 687 689 690
691: 630 631 633 634 636 637 688 690 691
692: 630 632 633 635 636 638 687 689 692
693: 633 634 635 636 637 639 640 641 690 692 693
694: 633 634 636 637 639 640 691 693 694
695: 633 635 636 638 639 641 690 692 695
696: 636 637 638 639 640 642 643 644 693 695 696
697: 636 637 639 640 642 643 694 696 697
698: 636 638 639 641 642 644 693 695 698
699: 639 640 641 642 643 645 646 647 696 698 699
700: 639 640 642 643 645 646 697 699 700
701: 639 641 642 644 645 647 696 698 701
702: 642 643 644 645 646 648 649 650 699 701 702
703: 642 643 645 646 648 649 700 702 703
704: 642 644 645 647 648 650 699 701 704
705: 645 646 647 648 649 651 652 653 702 704 705
706: 645 646 648 649 651 652 703 705 706
707: 645 647 648 650 651 653 702 704 707
708: 648 649 650 651 652 654 655 656 705 707 708
709: 648 649 651 652 654 655 706 708 709
710: 648 650 651 653 654 656 705 707 710
711: 651 652 653 654 655 657 658 659 708 710 711
712: 651 652 654 655 657 658 709 711 712
713: 651 653 654 656 657 659 708 710 713
714: 654 655 656 657 658 660 661 662 711 713 714
715: 654 655 657 658 660 661 712 714 715
716: 654 656 657 659 660 662 711 713 716
717: 657 658 659 660 661 663 664 665 714 716 717
718: 657 658 660 661 663 664 715 717 718
719: 657 659 660 662 663 665 714 716 719
720: 660 661 662 663 664 666 667 668 717 719 720
721: 660 661 663 664 666 667 718 720 721
722: 660 662 663 665 666 668 717 719 722
723: 663 664 665 666 667 669 670 671 720 722 723
724: 663 664 666 667 669 670 721 723 724
725: 663 665 666 668 669 671 720 722 725
726: 666 667 668 669 670 672 673 674 723 725 726
727: 666 667 669 670 672 673 724 726 727
728: 666 668 669 671 672 674 723 725 728
729: 669 670 671 672 673 675 676 677 726 728 729
730: 669 670 672 673 675 676 727 729 730
731: 669 671 672 674 675 677 726 728 731
732: 672 673 674 675 676 678 679 680 729 731 732
733: 672 673 675 676 678 679 730 732 733
734: 672 674 675 677 678 680 729 731 734
735: 675 676 677 678 679 681 682 683 732 734 735
736: 675 676 678 679 681 682 733 735 736
737: 675 677 678 680 681 683 732 734 737
738: 678 679 680 681 682 735 737 738
739: 678 679 681 682 736 738 739
740: 678 680 681 683 735 737 740
741: 684 685 687 688 689 741
742: 684 685 687 688 741 742
743: 684 686 687 689 743
744: 684 685 686 687 688 690 691 692 741 743 744
745: 684 685 687 688 690 691 742 744 745
746: 684 686 687 689 690 692 741 743 746
747: 687 688 689 690 691 693 694 695 744 746 747
748: 687 688 690 691 693 694 745 747 748
749: 687 689 690 692 693 695 744 746 749
750: 690 691 692 693 694 696 697 698 747 749 750
751: 690 691 693 694 696 697 748 750 751
752: 690 692 693 695 696 698 747 749 752
753: 693 694 695 696 697 699 700 701 750 752 753
754: 693 694 696 697 699 700 751 753 754
755: 693 695 696 698 699 701 750 752 755
756: 696 697 698 699 700 702 703 704 753 755 756
757: 696 697 699 700 702 703 754 756 757
758: 696 698 699 701 702 704 753 755 758
759: 699 700 701 702 703 705 706 707 756 758 759
760: 699 700 702 703 705 706 757 759 760
761: 699 701 702 704 705 707 756 758 761
762: 702 703 704 705 706 708 709 710 759 761 762
763: 702 703 705 706 708 709 760 762 763
764: 702 704 705 707 708 710 759 761 764
765: 705 706 707 708 709 711 712 713 762 764 765
766: 705 706 708 709 711 712 763 765 766
767: 705 707 708 710 711 713 762 764 767
768: 708 709 710 711 712 714 715 716 765 767 768
769: 708 709 711 712 714 715 766 768 769
770: 708 710 711 713 714 716 765 767 770
771: 711 712 713 714 715 717 718 719 768 770 771
772: 711 712 714 715 717 718 769 771 772
773: 711 713 714 716 717 719 768 770 773
774: 714 715 716 717 718 720 721 722 771 773 774
775: 714 715 717 718 720 721 772 774 775
776: 714 716 717 719 720 722 771 773 776
777: 717 718 719 720 721 723 724 725 774 776 777
778: 717 718 720 721 723 724 775 777 778
779: 717 719 720 722 723 725 774 776 779
780: 720 721 722 723 724 726 727 728 777 779 780
781: 720 721 723 724 726 727 778 780 781
782: 720 722 723 725 726 728 777 779 782
783: 723 724 725 726 727 729 730 731 780 782 783
784: 723 724 726 727 729 730 781 783 784
785: 723 725 726 728 729 731 780 782 785
786: 726 727 728 729 730 732 733 734 783 785 786
787: 726 727 729 730 732 733 784 786 787
788: 726 728 729 731 732 734 783 785 788
789: 729 730 731 732 733 735 736 737 786 788 789
790: 729 730 732 733 735 736 787 789 790
791: 729 731 732 734 735 737 786 788 791
792: 732 733 734 735 736 738 739 740 789 791 792
793: 732 733 735 736 738 739 790 792 793
794: 732 734 735 737 738 740 789 791 794
795: 735 736 737 738 739 792 794 795
796: 735 736 738 739 793 795 796
797: 735 737 738 740 792 794 797
798: 741 742 744 745 746 798
799: 741 742 744 745 798 799
800: 741 743 744 746 800
801: 741 742 743 744 745 747 748 749 798 800 801
802: 741 742 744 745 747 748 799 801 802
803: 741 743 744 746 747 749 798 800 803
804: 744 745 746 747 748 750 751 752 801 803 804
805: 744 745 747 748 750 751 802 804 805
806: 744 746 747 749 750 752 801 803 806
807: 747 748 749 750 751 753 754 755 804 806 807
808: 747 748 750 751 753 754 805 807 808
809: 747 749 750 752 753 755 804 806 809
810: 750 751 752 753 754 756 757 758 807 809 810
811: 750 751 753 754 756 757 808 810 811
812: 750 752 753 755 756 758 807 809 812
813: 753 754 755 756 757 759 760 761 810 812 813
814: 753 754 756 757 759 760 811 813 814
815: 753 755 756 758 759 761 810 812 815
816: 756 757 758 759 760 762 763 764 813 815 816
817: 756 757 759 760 762 763 814 816 817
818: 756 758 759 761 762 764 813 815 818
819: 759 760 761 762 763 765 766 767 816 818 819
820: 759 760 762 763 765 766 817 819 820
821: 759 761 762 764 765 767 816 818 821
822: 762 763 764 765 766 768 769 770 819 821 822
823: 762 763 765 766 768 769 820 822 823
824: 762 764 765 767 768 770 819 821 824
825: 765 766 767 768 769 771 772 773 822 824 825
826: 765 766 768 769 771 772 823 825 826
827: 765 767 768 770 771 773 822 824 827
828: 768 769 770 771 772 774 775 776 825 827 828
829: 768 769 771 772 774 775 826 828 829
830: 768 770 771 773 774 776 825 827 830
831: 771 772 773 774 775 777 778 779 828 830 831
832: 771 772 774 775 777 778 829 831 832
833: 771 773 774 776 777 779 828 830 833
834: 774 775 776 777 778 780 781 782 831 833 834
835: 774 775 777 778 780 781 832 834 835
836: 774 776 777 779 780 782 831 833 836
837: 777 778 779 780 781 783 784 785 834 836 837
838: 777 778 780 781 783 784 835 837 838
839: 777 779 780 782 783 785 834 836 839
840: 780 781 782 783 784 786 787 788 837 839 840
841: 780 781 783 784 786 787 838 840 841
842: 780 782 783 785 786 788 837 839 842
843: 783 784 785 786 787 789 790 791 840 842 843
844: 783 784 786 787 789 790 841 843 844
845: 783 785 786 788 789 791 840 842 845
846: 786 787 788 789 790 792 793 794 843 845 846
847: 786 787 789 790 792 793 844 846 847
848: 786 788 789 791 792 794 843 845 848
849: 789 790 791 792 793 795 796 797 846 848 849
850: 789 790 792 793 795 796 847 849 850
851: 789 791 792 794 795 797 846 848 851
852: 792 793 794 795 796 849 851 852
853: 792 793 795 796 850 852 853
854: 792 794 795 797 849 851 854
855: 798 799 801 802 803 855
856: 798 799 801 802 855 856
857: 798 800 801 803 857
858: 798 799 800 801 802 804 805 806 855 857 858
859: 798 799 801 802 804 805 856 858 859
860: 798 800 801 803 804 806 855 857 860
861: 801 802 803 804 805 807 808 809 858 860 861
862: 801 802 804 805 807 808 859 861 862
863: 801 803 804 806 807 809 858 860 863
864: 804 805 806 807 808 810 811 812 861 863 864
865: 804 805 807 808 810 811 862 864 865
866: 804 806 807 809 810 812 861 863 866
867: 807 808 809 810 811 813 814 815 864 866 867
868: 807 808 810 811 813 814 865 867 868
869: 807 809 810 812 813 815 864 866 869
870: 810 811 812 813 814 816 817 818 867 869 870
871: 810 811 813 814 816 817 868 870 871
872: 810 812 813 815 816 818 867 869 872
873: 813 814 815 816 817 819 820 821 870 872 873
874: 813 814 816 817 819 820 871 873 874
875: 813 815 816 818 819 821 870 872 875
876: 816 817 818 819 820 822 823 824 873 875 876
877: 816 817 819 820 822 823 874 876 877
878: 816 818 819 821 822 824 873 875 878
879: 819 820 821 822 823 825 826 827 876 878 879
880: 819 820 822 823 825 826 877 879 880
881: 819 821 822 824 825 827 876 878 881
882: 822 823 824 825 826 828 829 830 879 881 882
883: 822 823 825 826 828 829 880 882 883
884: 822 824 825 827 828 830 879 881 884
885: 825 826 827 828 829 831 832 833 882 884 885
886: 825 826 828 829 831 832 883 885 886
887: 825 827 828 830 831 833 882 884 887
888: 828 829 830 831 832 834 835 836 885 887 888
889: 828 829 831 832 834 835 886 888 889
890: 828 830 831 833 834 836 885 887 890
891: 831 832 833 834 835 837 838 839 888 890 891
892: 831 832 834 835 837 838 889 891 892
893: 831 833 834 836 837 839 888 890 893
894: 834 835 836 837 838 840 841 842 891 893 894
895: 834 835 837 838 840 841 892 894 895
896: 834 836 837 839 840 842 891 893 896
897: 837 838 839 840 841 843 844 845 894 896 897
898: 837 838 840 841 843 844 895 897 898
899: 837 839 840 842 843 845 894 896 899
900: 840 841 842 843 844 846 847 848 897 899 900
901: 840 841 843 844 846 847 898 900 901
902: 840 842 843 845 846 848 897 899 902
903: 843 844 845 846 847 849 850 851 900 902 903
904: 843 844 846 847 849 850 901 903 904
905: 843 845 846 848 849 851 900 902 905
906: 846 847 848 849 850 852 853 854 903 905 906
907: 846 847 849 850 852 853 904 906 907
908: 846 848 849 851 852 854 903 905 908
909: 849 850 851 852 853 906 908 909
910: 849 850 852 853 907 909 910
911: 849 851 852 854 906 908 911
912: 855 856 858 859 860 912
913: 855 856 858 859 912 913
914: 855 857 858 860 914
915: 855 856 857 858 859 861 862 863 912 914 915
916: 855 856 858 859 861 862 913 915 916
917: 855 857 858 860 861 863 912 914 917
918: 858 859 860 861 862 864 865 866 915 917 918
919: 858 859 861 862 864 865 916 918 919
920: 858 860 861 863 864 866 915 917 920
921: 861 862 863 864 865 867 868 869 918 920 921
922: 861 862 864 865 867 868 919 921 922
923: 861 863 864 866 867 869 918 920 923
924: 864 865 866 867 868 870 871 872 921 923 924
925: 864 865 867 868 870 871 922 924 925
926: 864 866 867 869 870 872 921 923 926
927: 867 868 869 870 871 873 874 875 924 926 927
928: 867 868 870 871 873 874 925 927 928
929: 867 869 870 872 873 875 924 926 929
930: 870 871 872 873 874 876 877 878 927 929 930
931: 870 871 873 874 876 877 928 930 931
932: 870 872 873 875 876 878 927 929 932
933: 873 874 875 876 877 879 880 881 930 932 933
934: 873 874 876 877 879 880 931 933 934
935: 873 875 876 878 879 881 930 932 935
936: 876 877 878 879 880 882 883 884 933 935 936
937: 876 877 879 880 882 883 934 936 937
938: 876 878 879 881 882 884 933 935 938
939: 879 880 881 882 883 885 886 887 936 938 939
940: 879 880 882 883 885 886 937 939 940
941: 879 881 882 884 885 887 936 938 941
942: 882 883 884 885 886 888 889 890 939 941 942
943: 882 883 885 886 888 889 940 942 943
944: 882 884 885 887 888 890 939 941 944
945: 885 886 887 888 889 891 892 893 942 944 945
946: 885 886 888 889 891 892 943 945 946
947: 885 887 888 890 891 893 942 944 947
948: 888 889 890 891 892 894 895 896 945 947 948
949: 888 889 891 892 894 895 946 948 949
950: 888 890 891 893 894 896 945 947 950
951: 891 892 893 894 895 897 898 899 948 950 951
952: 891 892 894 895 897 898 949 951 952
953: 891 893 894 896 897 899 948 950 953
954: 894 895 896 897 898 900 901 902 951 953 954
955: 894 895 897 898 900 901 952 954 955
956: 894 896 897 899 900 902 951 953 956
957: 897 898 899 900 901 903 904 905 954 956 957
958: 897 898 900 901 903 904 955 957 958
959: 897 899 900 902 903 905 954 956 959
960: 900 901 902 903 904 906 907 908 957 959 960
961: 900 901 903 904 906 907 958 960 961
962: 900 902 903 905 906 908 957 959 962
963: 903 904 905 906 907 909 910 911 960 962 963
964: 903 904 906 907 909 910 961 963 964
965: 903 905 906 908 909 911 960 962 965
966: 906 907 908 909 910 963 965 966
967: 906 907 909 910 964 966 967
968: 906 908 909 911 963 965 968
969: 912 913 915 916 917 969
970: 912 913 915 916 969 970
971: 912 914 915 917 971
972: 912 913 914 915 916 918 919 920 969 971 972
973: 912 913 915 916 918 919 970 972 973
974: 912 914 915 917 918 920 969 971 974
975: 915 916 917 918 919 921 922 923 972 974 975
976: 915 916 918 919 921 922 973 975 976
977: 915 917 918 920 921 923 972 974 977
978: 918 919 920 921 922 924 925 926 975 977 978
979: 918 919 921 922 924 925 976 978 979
980: 918 920 921 923 924 926 975 977 980
981: 921 922 923 924 925 927 928 929 978 980 981
982: 921 922 924 925 927 928 979 981 982
983: 921 923 924 926 927 929 978 980 983
984: 924 925 926 927 928 930 931 932 981 983 984
985: 924 925 927 928 930 931 982 984 985
986: 924 926 927 929 930 932 981 983 986
987: 927 928 929 930 931 933 934 935 984 986 987
988: 927 928 930 931 933 934 985 987 988
989: 927 929 930 932 933 935 984 986 989
990: 930 931 932 933 934 936 937 938 987 989 990
991: 930 931 933 934 936 937 988 990 991
992: 930 932 933 935 936 938 987 989 992
993: 933 934 935 936 937 939 940 941 990 992 993
994: 933 934 936 937 939 940 991 993 994
995: 933 935 936 938 939 941 990 992 995
996: 936 937 938 939 940 942 943 944 993 995 996
997: 936 937 939 940 942 943 994 996 997
998: 936 938 939 941 942 944 993 995 998
999: 939 940 941 942 943 945 946 947 996 998 999
1000: 939 940 942 943 945 946 997 999 1000
1001: 939 941 942 944 945 947 996 998 1001
1002: 942 943 944 945 946 948 949 950 999 1001 1002
1003: 942 943 945 946 948 949 1000 1002 1003
1004: 942 944 945 947 948 950 999 1001 1004
1005: 945 946 947 948 949 951 952 953 1002 1004 1005
1006: 945 946 948 949 951 952 1003 1005 1006
1007: 945 947 948 950 951 953 1002 1004 1007
1008: 948 949 950 951 952 954 955 956 1005 1007 1008
1009: 948 949 951 952 954 955 1006 1008 1009
1010: 948 950 951 953 954 956 1005 1007 1010
1011: 951 952 953 954 955 957 958 959 1008 1010 1011
1012: 951 952 954 955 957 958 1009 1011 1012
1013: 951 953 954 956 957 959 1008 1010 1013
1014: 954 955 956 957 958 960 961 962 1011 1013 1014
1015: 954 955 957 958 960 961 1012 1014 1015
1016: 954 956 957 959 960 962 1011 1013 1016
1017: 957 958 959 960 961 963 964 965 1014 1016 1017
1018: 957 958 960 961 963 964 1015 1017 1018
1019: 957 959 960 962 963 965 1014 1016 1019
1020: 960 961 962 963 964 966 967 968 1017 1019 1020
1021: 960 961 963 964 966 967 1018 1020 1021
1022: 960 962 963 965 966 968 1017 1019 1022
1023: 963 964 965 966 967 1020 1022 1023
1024: 963 964 966 967 1021 1023 1024
1025: 963 965 966 968 1020 1022 1025
1026: 969 970 972 973 974 1026
1027: 969 970 972 973 1026 1027
1028: 969 971 972 974 1028
1029: 969 970 971 972 973 975 976 977 1026 1028 1029
1030: 969 970 972 973 975 976 1027 1029 1030
1031: 969 971 972 974 975 977 1026 1028 1031
1032: 972 973 974 975 976 978 979 980 1029 1031 1032
1033: 972 973 975 976 978 979 1030 1032 1033
1034: 972 974 975 977 978 980 1029 1031 1034
1035: 975 976 977 978 979 981 982 983 1032 1034 1035
1036: 975 976 978 979 981 982 1033 1035 1036
1037: 975 977 978 980 981 983 1032 1034 1037
1038: 978 979 980 981 982 984 985 986 1035 1037 1038
1039: 978 979 981 982 984 985 1036 1038 1039
1040: 978 980 981 983 984 986 1035 1037 1040
1041: 981 982 983 984 985 987 988 989 1038 1040 1041
1042: 981 982 984 985 987 988 1039 1041 1042
1043: 981 983 984 986 987 989 1038 1040 1043
1044: 984 985 986 987 988 990 991 992 1041 1043 1044
1045: 984 985 987 988 990 991 1042 1044 1045
1046: 984 986 987 989 990 992 1041 1043 1046
1047: 987 988 989 990 991 993 994 995 1044 1046 1047
1048: 987 988 990 991 993 994 1045 1047 1048
1049: 987 989 990 992 993 995 1044 1046 1049
1050: 990 991 992 993 994 996 997 998 1047 1049 1050
1051: 990 991 993 994 996 997 1048 1050 1051
1052: 990 992 993 995 996 998 1047 1049 1052
1053: 993 994 995 996 997 999 1000 1001 1050 1052 1053
1054: 993 994 996 997 999 1000 1051 1053 1054
1055: 993 995 996 998 999 1001 1050 1052 1055
1056: 996 997 998 999 1000 1002 1003 1004 1053 1055 1056
1057: 996 997 999 1000 1002 1003 1054 1056 1057
1058: 996 998 999 1001 1002 1004 1053 1055 1058
1059: 999 1000 1001 1002 1003 1005 1006 1007 1056 1058 1059
1060: 999 1000 1002 1003 1005 1006 1057 1059 1060
1061: 999 1001 1002 1004 1005 1007 1056 1058 1061
1062: 1002 1003 1004 1005 1006 1008 1009 1010 1059 1061 1062
1063: 1002 1003 1005 1006 1008 1009 1060 1062 1063
1064: 1002 1004 1005 1007 1008 1010 1059 1061 1064
1065: 1005 1006 1007 1008 1009 1011 1012 1013 1062 1064 1065
1066: 1005 1006 1008 1009 1011 1012 1063 1065 1066
1067: 1005 1007 1008 1010 1011 1013 1062 1064 1067
1068: 1008 1009 1010 1011 1012 1014 1015 1016 1065 1067 1068
1069: 1008 1009 1011 1012 1014 1015 1066 1068 1069
1070: 1008 1010 1011 1013 1014 1016 1065 1067 1070
1071: 1011 1012 1013 1014 1015 1017 1018 1019 1068 1070 1071
1072: 1011 1012 1014 1015 1017 1018 1069 1071 1072
1073: 1011 1013 1014 1016 1017 1019 1068 1070 1073
1074: 1014 1015 1016 1017 1018 1020 1021 1022 1071 1073 1074
1075: 1014 1015 1017 1018 1020 1021 1072 1074 1075
1076: 1014 1016 1017 1019 1020 1022 1071 1073 1076
1077: 1017 1018 1019 1020 1021 1023 1024 1025 1074 1076 1077
1078: 1017 1018 1020 1021 1023 1024 1075 1077 1078
1079: 1017 1019 1020 1022 1023 1025 1074 1076 1079
1080: 1020 1021 1022 1023 1024 1077 1079 1080
1081: 1020 1021 1023 1024 1078 1080 1081
1082: 1020 1022 1023 1025 1077 1079 1082
