0: 0
1: 0 1
2: 0 1 2
3: 2 3
4: 2 3 4
5: 0 1 3 4 5
6: 0 6
7: 1 5 6 7
8: 2 4 6 7 8
9: 3 7 8 9
10: 2 4 6 8 9 10
11: 1 5 6 7 9 10 11
12: 0 5 6 7 11 12
13: 1 6 7 11 12 13
14: 2 3 8 9 10 12 13 14
15: 2 3 8 9 10 13 14 15
16: 4 8 9 10 12 14 15 16
17: 0 5 6 7 11 12 13 15 16 17
18: 0 1 5 6 11 12 18
19: 0 1 5 7 13 17 18 19
20: 2 3 4 8 9 14 16 18 19 20
21: 2 3 4 8 9 15 20 21
22: 2 3 4 10 14 16 20 21 22
23: 0 1 5 6 11 13 17 18 19 21 22 23
24: 0 1 2 3 4 5 6 7 8 10 11 12 13 14 16 17 24
25: 0 1 2 3 4 5 6 7 8 9 11 12 13 14 15 17 24 25
26: 0 1 2 3 4 6 7 8 9 10 11 12 13 14 15 16 17 24 25 26
27: 0 1 2 3 4 5 7 8 9 10 11 13 14 15 16 17 25 26 27
28: 0 1 2 3 4 5 6 8 9 10 11 12 14 15 16 17 24 26 27 28
29: 0 1 3 4 5 6 7 8 9 10 11 12 13 14 15 16 17 24 25 27 28 29
30: 6 7 8 9 10 11 24 30
31: 6 7 8 9 10 11 25 29 30 31
32: 6 7 8 9 10 26 28 30 31 32
33: 6 7 8 9 10 11 27 32 33
34: 6 7 8 9 10 11 26 28 32 33 34
35: 6 7 9 10 11 25 29 30 31 33 34 35
36: 12 13 14 15 16 17 24 29 30 31 35 36
37: 12 13 14 15 16 17 25 30 31 35 36 37
38: 12 13 14 15 16 26 27 32 33 34 36 37 38
39: 12 13 14 15 16 17 26 27 32 33 34 38 39
40: 12 13 14 15 16 17 28 32 33 34 38 39 40
41: 12 13 15 16 17 24 29 30 31 35 36 37 39 40 41
42: 6 7 8 10 11 12 13 14 16 17 18 19 20 21 22 23 24 25 29 30 35 36 42
43: 6 7 8 9 11 12 13 14 15 17 18 19 20 21 22 23 24 25 29 31 37 41 42 43
44: 6 7 8 9 10 11 12 13 14 15 16 17 18 19 20 21 22 26 27 28 32 33 38 40 42 43 44
45: 7 8 9 10 11 13 14 15 16 17 18 19 20 21 22 23 26 27 28 32 33 39 43 44 45
46: 6 8 9 10 11 12 14 15 16 17 18 19 20 21 22 23 26 27 28 34 38 40 42 44 45 46
47: 6 7 8 9 10 11 12 13 14 15 16 17 18 19 21 22 23 24 25 29 30 35 37 41 42 43 45 46 47
48: 24 25 26 27 28 29 48
49: 24 25 26 27 28 29 48 49
50: 24 25 26 27 28 48 49 50
51: 24 25 26 27 28 29 50 51
52: 24 25 26 27 28 29 50 51 52
53: 24 25 27 28 29 48 49 51 52 53
54: 24 25 26 28 29 30 31 32 33 34 35 42 43 44 46 47 48 54
55: 24 25 26 27 29 30 31 32 33 34 35 42 43 44 45 47 49 53 54 55
56: 24 25 26 27 28 30 31 32 33 34 42 43 44 45 46 50 52 54 55 56
57: 25 26 27 28 29 30 31 32 33 34 35 43 44 45 46 47 51 54 55 56 57
58: 24 26 27 28 29 30 31 32 33 34 35 42 44 45 46 47 50 52 54 55 56 57 58
59: 24 25 27 28 29 30 31 33 34 35 42 43 45 46 47 49 53 54 55 57 58 59
60: 24 25 26 28 29 36 37 38 39 40 41 42 43 44 46 47 48 53 54 55 59 60
61: 24 25 26 27 29 36 37 38 39 40 41 42 43 44 45 47 49 54 55 59 60 61
62: 24 25 26 27 28 36 37 38 39 40 42 43 44 45 46 50 51 56 57 58 60 61 62
63: 25 26 27 28 29 36 37 38 39 40 41 43 44 45 46 47 50 51 56 57 58 60 61 62 63
64: 24 26 27 28 29 36 37 38 39 40 41 42 44 45 46 47 52 56 57 58 60 61 62 63 64
65: 24 25 27 28 29 36 37 39 40 41 42 43 45 46 47 48 53 54 55 59 60 61 63 64 65
66: 42 43 44 45 46 47 48 49 53 54 59 60 66
67: 42 43 44 45 46 47 48 49 53 55 61 65 66 67
68: 42 43 44 45 46 50 51 52 56 57 62 64 66 67 68
69: 42 43 44 45 46 47 50 51 52 56 57 63 68 69
70: 42 43 44 45 46 47 50 51 52 58 62 64 68 69 70
71: 42 43 45 46 47 48 49 53 54 59 61 65 66 67 69 70 71
72: 48 49 50 51 52 53 54 55 56 58 59 60 61 62 63 64 65 72
73: 48 49 50 51 52 53 54 55 56 57 58 59 60 61 62 63 65 72 73
74: 48 49 50 51 52 54 55 56 57 58 60 61 62 63 64 72 73 74
75: 48 49 50 51 52 53 55 56 57 58 59 60 61 62 63 64 65 72 73 74 75
76: 48 49 50 51 52 53 54 55 56 57 58 59 60 62 63 64 65 72 73 74 75 76
77: 48 49 51 52 53 54 55 57 58 59 60 61 63 64 65 72 73 75 76 77
78: 54 55 56 57 58 59 72 78
79: 54 55 56 57 58 59 73 77 78 79
80: 54 55 56 57 58 74 76 78 79 80
81: 54 55 56 57 58 59 75 80 81
82: 54 55 56 57 58 59 74 76 80 81 82
83: 54 55 57 58 59 73 77 78 79 81 82 83
84: 60 61 62 63 64 65 72 77 84
85: 60 61 62 63 64 65 73 84 85
86: 60 61 62 63 64 74 75 84 85 86
87: 60 61 62 63 64 65 74 75 86 87
88: 60 61 62 63 64 65 76 86 87 88
89: 60 61 63 64 65 72 77 84 85 87 88 89
90: 54 55 56 57 58 59 60 61 62 64 65 66 67 68 69 70 71 78 83 84 90
91: 54 55 56 57 59 60 61 62 63 64 65 66 67 68 69 70 71 79 85 89 90 91
92: 54 55 56 57 58 60 61 62 63 64 66 67 68 69 70 80 81 86 88 90 91 92
93: 54 55 56 57 58 59 61 62 63 64 65 66 67 68 69 70 71 80 81 87 90 91 92 93
94: 54 56 57 58 59 60 61 62 63 64 65 66 67 68 69 70 71 82 86 88 90 91 92 93 94
95: 54 55 57 58 59 60 61 63 64 65 66 67 69 70 71 78 83 85 89 90 91 93 94 95
96: 72 73 77 78 79 83 84 85 89 90 91 95 96
97: 72 73 77 78 79 83 84 85 89 90 91 95 97
98: 74 75 76 80 81 82 86 87 88 92 93 94 98
99: 74 75 76 80 81 82 86 87 88 92 93 94 97 98 99
100: 74 75 76 80 81 82 86 87 88 92 93 94 96 100
101: 72 73 77 78 79 83 84 85 89 90 91 95 96 101
102: 72 73 74 75 76 77 102
103: 72 73 74 75 76 77 102 103
104: 72 73 74 75 76 102 103 104
105: 72 73 74 75 76 77 102 103 104 105
106: 72 73 74 75 76 77 102 103 104 105 106
107: 72 73 75 76 77 102 103 105 106 107
108: 72 73 74 75 76 77 78 79 80 81 82 83 90 91 92 94 95 102 108
109: 72 73 74 75 77 78 79 80 81 82 83 90 91 92 93 94 95 103 107 108 109
110: 72 73 74 75 76 78 79 80 81 82 90 91 92 93 94 104 106 108 109 110
111: 72 73 74 75 76 77 78 79 80 81 82 83 91 92 93 94 95 105 108 109 110 111
112: 72 74 75 76 77 78 79 80 81 82 83 90 91 92 93 94 95 104 106 108 109 110 111 112
113: 72 73 75 76 77 78 79 81 82 83 90 91 93 94 95 103 107 108 109 111 112 113
114: 72 73 74 76 77 84 85 86 87 88 89 90 91 92 93 94 95 102 107 114
115: 72 73 74 75 76 77 84 85 86 87 88 89 90 91 92 93 95 103 114 115
116: 72 73 74 75 76 84 85 86 87 88 90 91 92 93 94 104 105 114 115 116
117: 73 74 75 76 77 84 85 86 87 88 89 90 91 92 93 94 95 104 105 114 115 116 117
118: 72 73 74 75 76 77 84 85 86 87 88 89 90 92 93 94 95 106 114 115 116 117 118
119: 72 73 75 76 77 84 85 87 88 89 90 91 93 94 95 102 107 114 115 117 118 119
120: 90 91 92 93 94 95 108 113 114 120
121: 90 91 92 93 94 95 109 115 119 120 121
122: 90 91 92 93 94 110 111 116 118 120 121 122
123: 90 91 92 93 94 95 110 111 117 120 121 122 123
124: 90 91 92 93 94 95 112 116 118 120 121 122 123 124
125: 90 91 93 94 95 108 113 115 119 120 121 123 124 125
126: 96 100 102 103 107 108 109 113 114 115 119 120 121 125 126
127: 97 99 102 103 107 108 109 113 114 115 119 120 121 125 127
128: 98 104 105 106 110 111 112 116 117 118 122 123 124 128
129: 97 99 104 105 106 110 111 112 116 117 118 122 123 124 127 128 129
130: 96 100 104 105 106 110 111 112 116 117 118 122 123 124 126 130
131: 101 102 103 107 108 109 113 114 115 119 120 121 125 126 131
