0: 0
1: 0 1
2: 1 2
3: 2 3
4: 3 4
5: 4 5
6: 5 6
7: 0 1 7
8: 0 1 2 7 8
9: 1 2 3 8 9
10: 2 3 4 9 10
11: 3 4 5 10 11
12: 4 5 6 11 12
13: 5 6 12 13
14: 13 14
15: 7 8 15
16: 7 8 9 15 16
17: 8 9 10 16 17
18: 9 10 11 17 18
19: 10 11 12 18 19
20: 11 12 13 19 20
21: 12 13 14 20 21
22: 13 14 21 22
23: 15 16 23
24: 15 16 17 23 24
25: 16 17 18 24 25
26: 17 18 19 25 26
27: 18 19 20 26 27
28: 19 20 21 27 28
29: 20 21 22 28 29
30: 21 22 29 30
31: 23 24 31
32: 23 24 25 31 32
33: 24 25 26 32 33
34: 25 26 27 33 34
35: 26 27 28 34 35
36: 27 28 29 35 36
37: 28 29 30 36 37
38: 29 30 37 38
39: 0 1 7 8 39
40: 0 1 2 7 8 9 39 40
41: 1 2 3 8 9 10 40 41
42: 2 3 4 9 10 11 41 42
43: 3 4 5 10 11 12 42 43
44: 4 5 6 11 12 13 43 44
45: 5 6 12 13 44 45
46: 45 46
47: 0 1 7 8 15 16 39 40 47
48: 0 1 2 7 8 9 15 16 17 39 40 41 47 48
49: 1 2 3 8 9 10 16 17 18 40 41 42 48 49
50: 2 3 4 9 10 11 17 18 19 41 42 43 49 50
51: 3 4 5 10 11 12 18 19 20 42 43 44 50 51
52: 4 5 6 11 12 13 19 20 21 43 44 45 51 52
53: 5 6 12 13 14 20 21 22 44 45 46 52 53
54: 13 14 21 22 45 46 53 54
55: 7 8 15 16 23 24 47 48 55
56: 7 8 9 15 16 17 23 24 25 47 48 49 55 56
57: 8 9 10 16 17 18 24 25 26 48 49 50 56 57
58: 9 10 11 17 18 19 25 26 27 49 50 51 57 58
59: 10 11 12 18 19 20 26 27 28 50 51 52 58 59
60: 11 12 13 19 20 21 27 28 29 51 52 53 59 60
61: 12 13 14 20 21 22 28 29 30 52 53 54 60 61
62: 13 14 21 22 29 30 53 54 61 62
63: 15 16 23 24 31 32 55 56 63
64: 15 16 17 23 24 25 31 32 33 55 56 57 63 64
65: 16 17 18 24 25 26 32 33 34 56 57 58 64 65
66: 17 18 19 25 26 27 33 34 35 57 58 59 65 66
67: 18 19 20 26 27 28 34 35 36 58 59 60 66 67
68: 19 20 21 27 28 29 35 36 37 59 60 61 67 68
69: 20 21 22 28 29 30 36 37 38 60 61 62 68 69
70: 21 22 29 30 37 38 61 62 69 70
71: 23 24 31 32 63 64 71
72: 23 24 25 31 32 33 63 64 65 71 72
73: 24 25 26 32 33 34 64 65 66 72 73
74: 25 26 27 33 34 35 65 66 67 73 74
75: 26 27 28 34 35 36 66 67 68 74 75
76: 27 28 29 35 36 37 67 68 69 75 76
77: 28 29 30 36 37 38 68 69 70 76 77
78: 29 30 37 38 69 70 77 78
79: 39 40 47 48 79
80: 39 40 41 47 48 49 79 80
81: 40 41 42 48 49 50 80 81
82: 41 42 43 49 50 51 81 82
83: 42 43 44 50 51 52 82 83
84: 43 44 45 51 52 53 83 84
85: 44 45 46 52 53 54 84 85
86: 45 46 53 54 85 86
87: 39 40 47 48 55 56 79 80 87
88: 39 40 41 47 48 49 55 56 57 79 80 81 87 88
89: 40 41 42 48 49 50 56 57 58 80 81 82 88 89
90: 41 42 43 49 50 51 57 58 59 81 82 83 89 90
91: 42 43 44 50 51 52 58 59 60 82 83 84 90 91
92: 43 44 45 51 52 53 59 60 61 83 84 85 91 92
93: 44 45 46 52 53 54 60 61 62 84 85 86 92 93
94: 45 46 53 54 61 62 85 86 93 94
95: 47 48 55 56 63 64 87 88 95
96: 47 48 49 55 56 57 63 64 65 87 88 89 95 96
97: 48 49 50 56 57 58 64 65 66 88 89 90 96 97
98: 49 50 51 57 58 59 65 66 67 89 90 91 97 98
99: 50 51 52 58 59 60 66 67 68 90 91 92 98 99
100: 51 52 53 59 60 61 67 68 69 91 92 93 99 100
101: 52 53 54 60 61 62 68 69 70 92 93 94 100 101
102: 53 54 61 62 69 70 93 94 101 102
103: 55 56 63 64 71 72 95 96 103
104: 55 56 57 63 64 65 71 72 73 95 96 97 103 104
105: 56 57 58 64 65 66 72 73 74 96 97 98 104 105
106: 57 58 59 65 66 67 73 74 75 97 98 99 105 106
107: 58 59 60 66 67 68 74 75 76 98 99 100 106 107
108: 59 60 61 67 68 69 75 76 77 99 100 101 107 108
109: 60 61 62 68 69 70 76 77 78 100 101 102 108 109
110: 61 62 69 70 77 78 101 102 109 110
111: 63 64 71 72 103 104 111
112: 63 64 65 71 72 73 103 104 105 111 112
113: 64 65 66 72 73 74 104 105 106 112 113
114: 65 66 67 73 74 75 105 106 107 113 114
115: 66 67 68 74 75 76 106 107 108 114 115
116: 67 68 69 75 76 77 107 108 109 115 116
117: 68 69 70 76 77 78 108 109 110 116 117
118: 69 70 77 78 109 110 117 118
119: 79 80 87 88 119
120: 79 80 81 87 88 89 119 120
121: 80 81 88 89 120 121
122: 81 82 89 90 120 121 122
123: 81 82 83 89 90 91 122 123
124: 82 83 90 91 123 124
125: 83 84 91 92 124 125
126: 83 84 85 91 92 93 124 125 126
127: 84 85 86 92 93 94 126 127
128: 85 86 93 94 127 128
129: 79 80 87 88 95 96 119 120 129
130: 79 80 87 88 95 96 119 120 121 122 129 130
131: 80 81 88 89 96 97 119 120 121 122 129 130 131
132: 80 81 88 89 96 97 120 121 122 130 131 132
133: 81 82 89 90 97 98 120 121 122 123 130 131 132 133
134: 81 82 83 89 90 91 97 98 99 122 123 124 133 134
135: 82 83 90 91 98 99 123 124 125 126 134 135
136: 83 84 91 92 99 100 124 125 126 135 136
137: 83 84 85 91 92 93 99 100 101 124 125 126 127 135 136 137
138: 84 85 86 92 93 94 100 101 102 126 127 128 137 138
139: 85 86 93 94 101 102 127 128 138 139
140: 87 88 95 96 103 104 129 130 131 140
141: 87 88 95 96 103 104 129 130 131 140 141
142: 88 89 96 97 104 105 129 130 131 132 140 141 142
143: 88 89 90 96 97 98 104 105 106 131 132 133 134 142 143
144: 89 90 91 97 98 99 105 106 107 133 134 135 143 144
145: 90 91 98 99 106 107 134 135 136 137 144 145
146: 91 92 99 100 107 108 135 136 137 145 146
147: 91 92 93 99 100 101 107 108 109 135 136 137 138 145 146 147
148: 92 93 94 100 101 102 108 109 110 137 138 139 147 148
149: 93 94 101 102 109 110 138 139 148 149
150: 95 96 103 104 111 112 140 141 142 150
151: 95 96 103 104 111 112 140 141 142 150 151
152: 96 97 104 105 112 113 140 141 142 143 150 151 152
153: 96 97 98 104 105 106 112 113 114 142 143 144 152 153
154: 97 98 99 105 106 107 113 114 115 143 144 145 153 154
155: 98 99 106 107 114 115 144 145 146 147 154 155
156: 99 100 107 108 115 116 145 146 147 155 156
157: 99 100 107 108 115 116 145 146 147 148 155 156 157
158: 100 101 108 109 116 117 145 146 147 148 155 156 157 158
159: 100 101 102 108 109 110 116 117 118 147 148 149 157 158 159
160: 101 102 109 110 117 118 148 149 159 160
161: 150 151 152 161
162: 103 104 111 112 150 151 152 161 162
163: 103 104 111 112 150 151 152 161 162 163
164: 104 105 112 113 150 151 152 153 161 162 163 164
165: 104 105 106 112 113 114 152 153 154 164 165
166: 105 106 107 113 114 115 153 154 155 165 166
167: 106 107 114 115 154 155 156 157 158 166 167
168: 107 108 115 116 155 156 157 158 167 168
169: 107 108 109 115 116 117 155 156 157 158 159 167 168 169
170: 108 109 110 116 117 118 157 158 159 160 169 170
171: 109 110 117 118 159 160 170 171
172: 119 120 129 130 131 172
173: 119 120 121 122 129 130 131 132 133 140 141 142 172 173
174: 124 125 126 135 136 137 174
175: 126 127 137 138 175
176: 126 127 128 137 138 139 175 176
177: 127 128 138 139 176 177
178: 119 120 129 130 131 140 141 142 172 173 178
179: 124 125 126 127 135 136 137 138 145 146 147 148 174 175 176 179
180: 126 127 128 137 138 139 147 148 149 175 176 177 179 180
181: 127 128 138 139 148 149 176 177 180 181
182: 140 141 142 150 151 152 182
183: 135 136 137 138 145 146 147 148 155 156 157 158 159 179 180 183
184: 137 138 139 147 148 149 157 158 159 160 179 180 181 183 184
185: 138 139 148 149 159 160 180 181 184 185
186: 140 141 142 150 151 152 161 162 163 164 182 186
187: 147 148 149 157 158 159 160 169 170 171 183 184 185 187
188: 148 149 159 160 170 171 184 185 187 188
189: 155 156 157 158 167 168 169 189
190: 157 158 159 169 170 187 190
191: 157 158 159 160 169 170 171 187 188 190 191
192: 159 160 170 171 187 188 191 192
