0: 0
1: 0 1
2: 2
3: 0 2 3
4: 1 3 4
5: 4 5
6: 6
7: 6 7
8: 2 7 8
9: 3 8 9
10: 4 9 10
11: 5 10 11
12: 11 12
13: 6 13
14: 7 13 14
15: 8 14 15
16: 9 15 16
17: 10 16 17
18: 11 17 18
19: 12 18 19
20: 20
21: 20 21
22: 13 21 22
23: 14 22 23
24: 15 23 24
25: 16 24 25
26: 17 25 26
27: 18 26 27
28: 19 27 28
29: 29
30: 20 29 30
31: 21 30 31
32: 22 31 32
33: 23 32 33
34: 24 33 34
35: 25 34 35
36: 26 35 36
37: 27 36 37
38: 28 37 38
39: 38 39
40: 29 40
41: 30 40 41
42: 31 41 42
43: 32 42 43
44: 33 43 44
45: 34 44 45
46: 35 45 46
47: 36 46 47
48: 37 47 48
49: 38 48 49
50: 39 49 50
51: 40 51
52: 41 51 52
53: 42 52 53
54: 43 53 54
55: 44 54 55
56: 45 55 56
57: 46 56 57
58: 47 57 58
59: 48 58 59
60: 49 59 60
61: 50 60 61
62: 61 62
63: 52 63
64: 53 63 64
65: 54 64 65
66: 55 65 66
67: 56 66 67
68: 57 67 68
69: 58 68 69
70: 59 69 70
71: 60 70 71
72: 61 71 72
73: 62 72 73
74: 65 74
75: 66 74 75
76: 67 75 76
77: 68 76 77
78: 69 77 78
79: 70 78 79
80: 71 79 80
81: 72 80 81
82: 73 81 82
83: 82 83
84: 75 84
85: 76 84 85
86: 77 85 86
87: 78 86 87
88: 79 87 88
89: 80 88 89
90: 81 89 90
91: 82 90 91
92: 84 92
93: 85 92 93
94: 86 93 94
95: 87 94 95
96: 88 95 96
97: 89 96 97
98: 90 97 98
99: 99
100: 92 99 100
101: 93 100 101
102: 94 101 102
103: 95 102 103
104: 96 103 104
105: 97 104 105
106: 98 105 106
107: 106 107
108: 108
109: 99 108 109
110: 100 109 110
111: 101 110 111
112: 102 111 112
113: 103 112 113
114: 104 113 114
115: 105 114 115
116: 106 115 116
117: 107 116 117
118: 108 118
119: 109 118 119
120: 110 119 120
121: 112 121
122: 113 121 122
123: 114 122 123
124: 115 123 124
125: 116 124 125
126: 118 126
127: 119 126 127
128: 122 128
129: 123 128 129
130: 0 1 3 4 130
131: 1 4 5 130 131
132: 0 2 3 8 9 130 132
133: 0 1 3 4 9 10 130 131 132 133
134: 1 4 5 10 11 130 131 133 134
135: 5 11 12 131 134 135
136: 6 7 13 14 136
137: 2 7 8 14 15 132 136 137
138: 2 3 8 9 15 16 132 133 137 138
139: 3 4 9 10 16 17 132 133 134 138 139
140: 4 5 10 11 17 18 133 134 135 139 140
141: 5 11 12 18 19 134 135 140 141
142: 12 19 135 141 142
143: 6 7 13 14 22 23 136 137 143
144: 7 8 14 15 23 24 136 137 138 143 144
145: 8 9 15 16 24 25 137 138 139 144 145
146: 9 10 16 17 25 26 138 139 140 145 146
147: 10 11 17 18 26 27 139 140 141 146 147
148: 11 12 18 19 27 28 140 141 142 147 148
149: 20 21 30 31 149
150: 13 21 22 31 32 143 149 150
151: 13 14 22 23 32 33 143 144 150 151
152: 14 15 23 24 33 34 143 144 145 151 152
153: 15 16 24 25 34 35 144 145 146 152 153
154: 16 17 25 26 35 36 145 146 147 153 154
155: 17 18 26 27 36 37 146 147 148 154 155
156: 18 19 27 28 37 38 147 148 155 156
157: 20 29 30 40 41 149 157
158: 20 21 30 31 41 42 149 150 157 158
159: 21 22 31 32 42 43 149 150 151 158 159
160: 22 23 32 33 43 44 150 151 152 159 160
161: 23 24 33 34 44 45 151 152 153 160 161
162: 24 25 34 35 45 46 152 153 154 161 162
163: 25 26 35 36 46 47 153 154 155 162 163
164: 26 27 36 37 47 48 154 155 156 163 164
165: 27 28 37 38 48 49 155 156 164 165
166: 28 38 39 49 50 156 165 166
167: 29 30 40 41 51 52 157 158 167
168: 30 31 41 42 52 53 157 158 159 167 168
169: 31 32 42 43 53 54 158 159 160 168 169
170: 32 33 43 44 54 55 159 160 161 169 170
171: 33 34 44 45 55 56 160 161 162 170 171
172: 34 35 45 46 56 57 161 162 163 171 172
173: 35 36 46 47 57 58 162 163 164 172 173
174: 36 37 47 48 58 59 163 164 165 173 174
175: 37 38 48 49 59 60 164 165 166 174 175
176: 38 39 49 50 60 61 165 166 175 176
177: 40 41 51 52 63 167 168 177
178: 41 42 52 53 63 64 167 168 169 177 178
179: 42 43 53 54 64 65 168 169 170 178 179
180: 43 44 54 55 65 66 169 170 171 179 180
181: 44 45 55 56 66 67 170 171 172 180 181
182: 45 46 56 57 67 68 171 172 173 181 182
183: 46 47 57 58 68 69 172 173 174 182 183
184: 47 48 58 59 69 70 173 174 175 183 184
185: 48 49 59 60 70 71 174 175 176 184 185
186: 49 50 60 61 71 72 175 176 185 186
187: 50 61 62 72 73 176 186 187
188: 52 53 63 64 177 178 179 188
189: 53 54 64 65 74 178 179 180 188 189
190: 54 55 65 66 74 75 179 180 181 189 190
191: 55 56 66 67 75 76 180 181 182 190 191
192: 56 57 67 68 76 77 181 182 183 191 192
193: 57 58 68 69 77 78 182 183 184 192 193
194: 58 59 69 70 78 79 183 184 185 193 194
195: 59 60 70 71 79 80 184 185 186 194 195
196: 60 61 71 72 80 81 185 186 187 195 196
197: 61 62 72 73 81 82 186 187 196 197
198: 65 66 74 75 84 189 190 191 198
199: 66 67 75 76 84 85 190 191 192 198 199
200: 67 68 76 77 85 86 191 192 193 199 200
201: 68 69 77 78 86 87 192 193 194 200 201
202: 69 70 78 79 87 88 193 194 195 201 202
203: 70 71 79 80 88 89 194 195 196 202 203
204: 71 72 80 81 89 90 195 196 197 203 204
205: 72 73 81 82 90 91 196 197 204 205
206: 73 82 91 197 205 206
207: 75 76 84 85 92 93 198 199 200 207
208: 76 77 85 86 93 94 199 200 201 207 208
209: 77 78 86 87 94 95 200 201 202 208 209
210: 78 79 87 88 95 96 201 202 203 209 210
211: 79 80 88 89 96 97 202 203 204 210 211
212: 80 81 89 90 97 98 203 204 205 211 212
213: 81 82 90 91 98 204 205 206 212 213
214: 84 85 92 93 100 101 207 208 214
215: 85 86 93 94 101 102 207 208 209 214 215
216: 86 87 94 95 102 103 208 209 210 215 216
217: 87 88 95 96 103 104 209 210 211 216 217
218: 88 89 96 97 104 105 210 211 212 217 218
219: 89 90 97 98 105 106 211 212 213 218 219
220: 92 99 100 109 110 214 220
221: 92 93 100 101 110 111 214 215 220 221
222: 93 94 101 102 111 112 214 215 216 221 222
223: 94 95 102 103 112 113 215 216 217 222 223
224: 95 96 103 104 113 114 216 217 218 223 224
225: 96 97 104 105 114 115 217 218 219 224 225
226: 97 98 105 106 115 116 218 219 225 226
227: 98 106 107 116 117 219 226 227
228: 99 108 109 118 119 220 228
229: 99 100 109 110 119 120 220 221 228 229
230: 100 101 110 111 120 220 221 222 229 230
231: 101 102 111 112 121 221 222 223 230 231
232: 102 103 112 113 121 122 222 223 224 231 232
233: 103 104 113 114 122 123 223 224 225 232 233
234: 104 105 114 115 123 124 224 225 226 233 234
235: 105 106 115 116 124 125 225 226 227 234 235
236: 106 107 116 117 125 226 227 235 236
237: 108 109 118 119 126 127 228 229 237
238: 109 110 119 120 127 228 229 230 237 238
239: 112 113 121 122 128 231 232 233 239
240: 113 114 122 123 128 129 232 233 234 239 240
241: 114 115 123 124 129 233 234 235 240 241
242: 115 116 124 125 234 235 236 241 242
243: 118 119 126 127 237 238 243
244: 122 123 128 129 239 240 241 244
245: 0 1 130 131 245
246: 0 1 2 3 4 130 132 133 245 246
247: 0 1 3 4 5 130 131 133 134 245 246 247
248: 1 4 5 134 135 245 247 248
249: 2 3 7 8 9 132 137 138 246 249
250: 2 3 4 8 9 10 132 133 138 139 246 247 249 250
251: 3 4 5 9 10 11 133 134 139 140 246 247 248 250 251
252: 4 5 10 11 12 134 135 140 141 247 248 251 252
253: 5 11 12 141 142 248 252 253
254: 6 7 13 14 136 143 254
255: 6 7 8 13 14 15 136 137 143 144 249 254 255
256: 7 8 9 14 15 16 137 138 144 145 249 250 255 256
257: 8 9 10 15 16 17 138 139 145 146 249 250 251 256 257
258: 9 10 11 16 17 18 139 140 146 147 250 251 252 257 258
259: 10 11 12 17 18 19 140 141 147 148 251 252 253 258 259
260: 11 12 18 19 141 142 148 252 253 259 260
261: 13 14 21 22 23 143 150 151 254 255 261
262: 13 14 15 22 23 24 143 144 151 152 254 255 256 261 262
263: 14 15 16 23 24 25 144 145 152 153 255 256 257 262 263
264: 15 16 17 24 25 26 145 146 153 154 256 257 258 263 264
265: 16 17 18 25 26 27 146 147 154 155 257 258 259 264 265
266: 17 18 19 26 27 28 147 148 155 156 258 259 260 265 266
267: 18 19 27 28 148 156 259 260 266 267
268: 20 21 29 30 31 149 157 158 268
269: 20 21 22 30 31 32 149 150 158 159 261 268 269
270: 21 22 23 31 32 33 150 151 159 160 261 262 269 270
271: 22 23 24 32 33 34 151 152 160 161 261 262 263 270 271
272: 23 24 25 33 34 35 152 153 161 162 262 263 264 271 272
273: 24 25 26 34 35 36 153 154 162 163 263 264 265 272 273
274: 25 26 27 35 36 37 154 155 163 164 264 265 266 273 274
275: 26 27 28 36 37 38 155 156 164 165 265 266 267 274 275
276: 27 28 37 38 39 156 165 166 266 267 275 276
277: 29 30 40 41 157 167 268 277
278: 29 30 31 40 41 42 157 158 167 168 268 269 277 278
279: 30 31 32 41 42 43 158 159 168 169 268 269 270 278 279
280: 31 32 33 42 43 44 159 160 169 170 269 270 271 279 280
281: 32 33 34 43 44 45 160 161 170 171 270 271 272 280 281
282: 33 34 35 44 45 46 161 162 171 172 271 272 273 281 282
283: 34 35 36 45 46 47 162 163 172 173 272 273 274 282 283
284: 35 36 37 46 47 48 163 164 173 174 273 274 275 283 284
285: 36 37 38 47 48 49 164 165 174 175 274 275 276 284 285
286: 37 38 39 48 49 50 165 166 175 176 275 276 285 286
287: 38 39 49 50 166 176 276 286 287
288: 40 41 51 52 167 177 277 278 288
289: 40 41 42 51 52 53 167 168 177 178 277 278 279 288 289
290: 41 42 43 52 53 54 168 169 178 179 278 279 280 289 290
291: 42 43 44 53 54 55 169 170 179 180 279 280 281 290 291
292: 43 44 45 54 55 56 170 171 180 181 280 281 282 291 292
293: 44 45 46 55 56 57 171 172 181 182 281 282 283 292 293
294: 45 46 47 56 57 58 172 173 182 183 282 283 284 293 294
295: 46 47 48 57 58 59 173 174 183 184 283 284 285 294 295
296: 47 48 49 58 59 60 174 175 184 185 284 285 286 295 296
297: 48 49 50 59 60 61 175 176 185 186 285 286 287 296 297
298: 49 50 60 61 62 176 186 187 286 287 297 298
299: 51 52 53 63 64 177 178 188 288 289 290 299
300: 52 53 54 63 64 65 178 179 188 189 289 290 291 299 300
301: 53 54 55 64 65 66 179 180 189 190 290 291 292 300 301
302: 54 55 56 65 66 67 180 181 190 191 291 292 293 301 302
303: 55 56 57 66 67 68 181 182 191 192 292 293 294 302 303
304: 56 57 58 67 68 69 182 183 192 193 293 294 295 303 304
305: 57 58 59 68 69 70 183 184 193 194 294 295 296 304 305
306: 58 59 60 69 70 71 184 185 194 195 295 296 297 305 306
307: 59 60 61 70 71 72 185 186 195 196 296 297 298 306 307
308: 60 61 62 71 72 73 186 187 196 197 297 298 307 308
309: 61 62 72 73 187 197 298 308 309
310: 64 65 66 74 75 189 190 198 300 301 302 310
311: 65 66 67 74 75 76 190 191 198 199 301 302 303 310 311
312: 66 67 68 75 76 77 191 192 199 200 302 303 304 311 312
313: 67 68 69 76 77 78 192 193 200 201 303 304 305 312 313
314: 68 69 70 77 78 79 193 194 201 202 304 305 306 313 314
315: 69 70 71 78 79 80 194 195 202 203 305 306 307 314 315
316: 70 71 72 79 80 81 195 196 203 204 306 307 308 315 316
317: 71 72 73 80 81 82 196 197 204 205 307 308 309 316 317
318: 72 73 81 82 83 197 205 206 308 309 317 318
319: 74 75 76 84 85 198 199 207 310 311 312 319
320: 75 76 77 84 85 86 199 200 207 208 311 312 313 319 320
321: 76 77 78 85 86 87 200 201 208 209 312 313 314 320 321
322: 77 78 79 86 87 88 201 202 209 210 313 314 315 321 322
323: 78 79 80 87 88 89 202 203 210 211 314 315 316 322 323
324: 79 80 81 88 89 90 203 204 211 212 315 316 317 323 324
325: 80 81 82 89 90 91 204 205 212 213 316 317 318 324 325
326: 81 82 83 90 91 205 206 213 317 318 325 326
327: 84 85 92 93 207 214 319 320 327
328: 84 85 86 92 93 94 207 208 214 215 319 320 321 327 328
329: 85 86 87 93 94 95 208 209 215 216 320 321 322 328 329
330: 86 87 88 94 95 96 209 210 216 217 321 322 323 329 330
331: 87 88 89 95 96 97 210 211 217 218 322 323 324 330 331
332: 88 89 90 96 97 98 211 212 218 219 323 324 325 331 332
333: 89 90 91 97 98 212 213 219 324 325 326 332 333
334: 92 93 99 100 101 214 220 221 327 328 334
335: 92 93 94 100 101 102 214 215 221 222 327 328 329 334 335
336: 93 94 95 101 102 103 215 216 222 223 328 329 330 335 336
337: 94 95 96 102 103 104 216 217 223 224 329 330 331 336 337
338: 95 96 97 103 104 105 217 218 224 225 330 331 332 337 338
339: 96 97 98 104 105 106 218 219 225 226 331 332 333 338 339
340: 97 98 105 106 107 219 226 227 332 333 339 340
341: 99 100 108 109 110 220 228 229 334 341
342: 99 100 101 109 110 111 220 221 229 230 334 335 341 342
343: 100 101 102 110 111 112 221 222 230 231 334 335 336 342 343
344: 101 102 103 111 112 113 222 223 231 232 335 336 337 343 344
345: 102 103 104 112 113 114 223 224 232 233 336 337 338 344 345
346: 103 104 105 113 114 115 224 225 233 234 337 338 339 345 346
347: 104 105 106 114 115 116 225 226 234 235 338 339 340 346 347
348: 105 106 107 115 116 117 226 227 235 236 339 340 347 348
349: 106 107 116 117 227 236 340 348 349
350: 108 109 118 119 228 237 341 350
351: 108 109 110 118 119 120 228 229 237 238 341 342 350 351
352: 109 110 111 119 120 229 230 238 341 342 343 351 352
353: 111 112 113 121 122 231 232 239 343 344 345 353
354: 112 113 114 121 122 123 232 233 239 240 344 345 346 353 354
355: 113 114 115 122 123 124 233 234 240 241 345 346 347 354 355
356: 114 115 116 123 124 125 234 235 241 242 346 347 348 355 356
357: 115 116 117 124 125 235 236 242 347 348 349 356 357
358: 118 119 126 127 237 243 350 351 358
359: 118 119 120 126 127 237 238 243 350 351 352 358 359
360: 121 122 123 128 129 239 240 244 353 354 355 360
361: 122 123 124 128 129 240 241 244 354 355 356 360 361
