0: 0
1: 1
2: 2
3: 3
4: 4
5: 5
6: 6
7: 7
8: 8
9: 9
10: 10
11: 11
12: 12
13: 13
14: 14
15: 15
16: 16
17: 17
18: 18
19: 19
20: 20
21: 21
22: 22
23: 23
24: 24
25: 25
26: 26
27: 27
28: 28
29: 29
30: 30
31: 31
32: 32
33: 33
34: 34
35: 35
36: 36
37: 37
38: 38
39: 39
40: 40
41: 41
42: 42
43: 43
44: 44
45: 45
46: 46
47: 47
48: 48
49: 49
50: 50
51: 51
52: 52
53: 53
54: 54
55: 55
56: 56
57: 57
58: 58
59: 59
60: 60
61: 61
62: 62
63: 63
64: 0 64 65 72 128
65: 1 64 65 66 73 129
66: 2 65 66 67 74 130
67: 3 66 67 68 75 131
68: 4 67 68 69 76 132
69: 5 68 69 70 77 133
70: 6 69 70 71 78 134
71: 7 70 71 79 135
72: 8 64 72 73 80 136
73: 9 65 72 73 74 81 137
74: 10 66 73 74 75 82 138
75: 11 67 74 75 76 83 139
76: 12 68 75 76 77 84 140
77: 13 69 76 77 78 85 141
78: 14 70 77 78 79 86 142
79: 15 71 78 79 87 143
80: 16 72 80 81 88 144
81: 17 73 80 81 82 89 145
82: 18 74 81 82 83 90 146
83: 19 75 82 83 84 91 147
84: 20 76 83 84 85 92 148
85: 21 77 84 85 86 93 149
86: 22 78 85 86 87 94 150
87: 23 79 86 87 95 151
88: 24 80 88 89 96 152
89: 25 81 88 89 90 97 153
90: 26 82 89 90 91 98 154
91: 27 83 90 91 92 99 155
92: 28 84 91 92 93 100 156
93: 29 85 92 93 94 101 157
94: 30 86 93 94 95 102 158
95: 31 87 94 95 103 159
96: 32 88 96 97 104 160
97: 33 89 96 97 98 105 161
98: 34 90 97 98 99 106 162
99: 35 91 98 99 100 107 163
100: 36 92 99 100 101 108 164
101: 37 93 100 101 102 109 165
102: 38 94 101 102 103 110 166
103: 39 95 102 103 111 167
104: 40 96 104 105 112 168
105: 41 97 104 105 106 113 169
106: 42 98 105 106 107 114 170
107: 43 99 106 107 108 115 171
108: 44 100 107 108 109 116 172
109: 45 101 108 109 110 117 173
110: 46 102 109 110 111 118 174
111: 47 103 110 111 119 175
112: 48 104 112 113 120 176
113: 49 105 112 113 114 121 177
114: 50 106 113 114 115 122 178
115: 51 107 114 115 116 123 179
116: 52 108 115 116 117 124 180
117: 53 109 116 117 118 125 181
118: 54 110 117 118 119 126 182
119: 55 111 118 119 127 183
120: 56 112 120 121 184
121: 57 113 120 121 122 185
122: 58 114 121 122 123 186
123: 59 115 122 123 124 187
124: 60 116 123 124 125 188
125: 61 117 124 125 126 189
126: 62 118 125 126 127 190
127: 63 119 126 127 191
128: 64 128 129 136 192
129: 65 128 129 130 137 193
130: 66 129 130 131 138 194
131: 67 130 131 132 139 195
132: 68 131 132 133 140 196
133: 69 132 133 134 141 197
134: 70 133 134 135 142 198
135: 71 134 135 143 199
136: 72 128 136 137 144 200
137: 73 129 136 137 138 145 201
138: 74 130 137 138 139 146 202
139: 75 131 138 139 140 147 203
140: 76 132 139 140 141 148 204
141: 77 133 140 141 142 149 205
142: 78 134 141 142 143 150 206
143: 79 135 142 143 151 207
144: 80 136 144 145 152 208
145: 81 137 144 145 146 153 209
146: 82 138 145 146 147 154 210
147: 83 139 146 147 148 155 211
148: 84 140 147 148 149 156 212
149: 85 141 148 149 150 157 213
150: 86 142 149 150 151 158 214
151: 87 143 150 151 159 215
152: 88 144 152 153 160 216
153: 89 145 152 153 154 161 217
154: 90 146 153 154 155 162 218
155: 91 147 154 155 156 163 219
156: 92 148 155 156 157 164 220
157: 93 149 156 157 158 165 221
158: 94 150 157 158 159 166 222
159: 95 151 158 159 167 223
160: 96 152 160 161 168 224
161: 97 153 160 161 162 169 225
162: 98 154 161 162 163 170 226
163: 99 155 162 163 164 171 227
164: 100 156 163 164 165 172 228
165: 101 157 164 165 166 173 229
166: 102 158 165 166 167 174 230
167: 103 159 166 167 175 231
168: 104 160 168 169 176 232
169: 105 161 168 169 170 177 233
170: 106 162 169 170 171 178 234
171: 107 163 170 171 172 179 235
172: 108 164 171 172 173 180 236
173: 109 165 172 173 174 181 237
174: 110 166 173 174 175 182 238
175: 111 167 174 175 183 239
176: 112 168 176 177 184 240
177: 113 169 176 177 178 185 241
178: 114 170 177 178 179 186 242
179: 115 171 178 179 180 187 243
180: 116 172 179 180 181 188 244
181: 117 173 180 181 182 189 245
182: 118 174 181 182 183 190 246
183: 119 175 182 183 191 247
184: 120 176 184 185 248
185: 121 177 184 185 186 249
186: 122 178 185 186 187 250
187: 123 179 186 187 188 251
188: 124 180 187 188 189 252
189: 125 181 188 189 190 253
190: 126 182 189 190 191 254
191: 127 183 190 191 255
192: 128 192 193 200 256
193: 129 192 193 194 201 257
194: 130 193 194 195 202 258
195: 131 194 195 196 203 259
196: 132 195 196 197 204 260
197: 133 196 197 198 205 261
198: 134 197 198 199 206 262
199: 135 198 199 207 263
200: 136 192 200 201 208 264
201: 137 193 200 201 202 209 265
202: 138 194 201 202 203 210 266
203: 139 195 202 203 204 211 267
204: 140 196 203 204 205 212 268
205: 141 197 204 205 206 213 269
206: 142 198 205 206 207 214 270
207: 143 199 206 207 215 271
208: 144 200 208 209 216 272
209: 145 201 208 209 210 217 273
210: 146 202 209 210 211 218 274
211: 147 203 210 211 212 219 275
212: 148 204 211 212 213 220 276
213: 149 205 212 213 214 221 277
214: 150 206 213 214 215 222 278
215: 151 207 214 215 223 279
216: 152 208 216 217 224 280
217: 153 209 216 217 218 225 281
218: 154 210 217 218 219 226 282
219: 155 211 218 219 220 227 283
220: 156 212 219 220 221 228 284
221: 157 213 220 221 222 229 285
222: 158 214 221 222 223 230 286
223: 159 215 222 223 231 287
224: 160 216 224 225 232 288
225: 161 217 224 225 226 233 289
226: 162 218 225 226 227 234 290
227: 163 219 226 227 228 235 291
228: 164 220 227 228 229 236 292
229: 165 221 228 229 230 237 293
230: 166 222 229 230 231 238 294
231: 167 223 230 231 239 295
232: 168 224 232 233 240 296
233: 169 225 232 233 234 241 297
234: 170 226 233 234 235 242 298
235: 171 227 234 235 236 243 299
236: 172 228 235 236 237 244 300
237: 173 229 236 237 238 245 301
238: 174 230 237 238 239 246 302
239: 175 231 238 239 247 303
240: 176 232 240 241 248 304
241: 177 233 240 241 242 249 305
242: 178 234 241 242 243 250 306
243: 179 235 242 243 244 251 307
244: 180 236 243 244 245 252 308
245: 181 237 244 245 246 253 309
246: 182 238 245 246 247 254 310
247: 183 239 246 247 255 311
248: 184 240 248 249 312
249: 185 241 248 249 250 313
250: 186 242 249 250 251 314
251: 187 243 250 251 252 315
252: 188 244 251 252 253 316
253: 189 245 252 253 254 317
254: 190 246 253 254 255 318
255: 191 247 254 255 319
256: 192 256 257 264 320
257: 193 256 257 258 265 321
258: 194 257 258 259 266 322
259: 195 258 259 260 267 323
260: 196 259 260 261 268 324
261: 197 260 261 262 269 325
262: 198 261 262 263 270 326
263: 199 262 263 271 327
264: 200 256 264 265 272 328
265: 201 257 264 265 266 273 329
266: 202 258 265 266 267 274 330
267: 203 259 266 267 268 275 331
268: 204 260 267 268 269 276 332
269: 205 261 268 269 270 277 333
270: 206 262 269 270 271 278 334
271: 207 263 270 271 279 335
272: 208 264 272 273 280 336
273: 209 265 272 273 274 281 337
274: 210 266 273 274 275 282 338
275: 211 267 274 275 276 283 339
276: 212 268 275 276 277 284 340
277: 213 269 276 277 278 285 341
278: 214 270 277 278 279 286 342
279: 215 271 278 279 287 343
280: 216 272 280 281 288 344
281: 217 273 280 281 282 289 345
282: 218 274 281 282 283 290 346
283: 219 275 282 283 284 291 347
284: 220 276 283 284 285 292 348
285: 221 277 284 285 286 293 349
286: 222 278 285 286 287 294 350
287: 223 279 286 287 295 351
288: 224 280 288 289 296 352
289: 225 281 288 289 290 297 353
290: 226 282 289 290 291 298 354
291: 227 283 290 291 292 299 355
292: 228 284 291 292 293 300 356
293: 229 285 292 293 294 301 357
294: 230 286 293 294 295 302 358
295: 231 287 294 295 303 359
296: 232 288 296 297 304 360
297: 233 289 296 297 298 305 361
298: 234 290 297 298 299 306 362
299: 235 291 298 299 300 307 363
300: 236 292 299 300 301 308 364
301: 237 293 300 301 302 309 365
302: 238 294 301 302 303 310 366
303: 239 295 302 303 311 367
304: 240 296 304 305 312 368
305: 241 297 304 305 306 313 369
306: 242 298 305 306 307 314 370
307: 243 299 306 307 308 315 371
308: 244 300 307 308 309 316 372
309: 245 301 308 309 310 317 373
310: 246 302 309 310 311 318 374
311: 247 303 310 311 319 375
312: 248 304 312 313 376
313: 249 305 312 313 314 377
314: 250 306 313 314 315 378
315: 251 307 314 315 316 379
316: 252 308 315 316 317 380
317: 253 309 316 317 318 381
318: 254 310 317 318 319 382
319: 255 311 318 319 383
320: 256 320 321 328 384
321: 257 320 321 322 329 385
322: 258 321 322 323 330 386
323: 259 322 323 324 331 387
324: 260 323 324 325 332 388
325: 261 324 325 326 333 389
326: 262 325 326 327 334 390
327: 263 326 327 335 391
328: 264 320 328 329 336 392
329: 265 321 328 329 330 337 393
330: 266 322 329 330 331 338 394
331: 267 323 330 331 332 339 395
332: 268 324 331 332 333 340 396
333: 269 325 332 333 334 341 397
334: 270 326 333 334 335 342 398
335: 271 327 334 335 343 399
336: 272 328 336 337 344 400
337: 273 329 336 337 338 345 401
338: 274 330 337 338 339 346 402
339: 275 331 338 339 340 347 403
340: 276 332 339 340 341 348 404
341: 277 333 340 341 342 349 405
342: 278 334 341 342 343 350 406
343: 279 335 342 343 351 407
344: 280 336 344 345 352 408
345: 281 337 344 345 346 353 409
346: 282 338 345 346 347 354 410
347: 283 339 346 347 348 355 411
348: 284 340 347 348 349 356 412
349: 285 341 348 349 350 357 413
350: 286 342 349 350 351 358 414
351: 287 343 350 351 359 415
352: 288 344 352 353 360 416
353: 289 345 352 353 354 361 417
354: 290 346 353 354 355 362 418
355: 291 347 354 355 356 363 419
356: 292 348 355 356 357 364 420
357: 293 349 356 357 358 365 421
358: 294 350 357 358 359 366 422
359: 295 351 358 359 367 423
360: 296 352 360 361 368 424
361: 297 353 360 361 362 369 425
362: 298 354 361 362 363 370 426
363: 299 355 362 363 364 371 427
364: 300 356 363 364 365 372 428
365: 301 357 364 365 366 373 429
366: 302 358 365 366 367 374 430
367: 303 359 366 367 375 431
368: 304 360 368 369 376 432
369: 305 361 368 369 370 377 433
370: 306 362 369 370 371 378 434
371: 307 363 370 371 372 379 435
372: 308 364 371 372 373 380 436
373: 309 365 372 373 374 381 437
374: 310 366 373 374 375 382 438
375: 311 367 374 375 383 439
376: 312 368 376 377 440
377: 313 369 376 377 378 441
378: 314 370 377 378 379 442
379: 315 371 378 379 380 443
380: 316 372 379 380 381 444
381: 317 373 380 381 382 445
382: 318 374 381 382 383 446
383: 319 375 382 383 447
384: 320 384 385 392 448
385: 321 384 385 386 393 449
386: 322 385 386 387 394 450
387: 323 386 387 388 395 451
388: 324 387 388 389 396 452
389: 325 388 389 390 397 453
390: 326 389 390 391 398 454
391: 327 390 391 399 455
392: 328 384 392 393 400 456
393: 329 385 392 393 394 401 457
394: 330 386 393 394 395 402 458
395: 331 387 394 395 396 403 459
396: 332 388 395 396 397 404 460
397: 333 389 396 397 398 405 461
398: 334 390 397 398 399 406 462
399: 335 391 398 399 407 463
400: 336 392 400 401 408 464
401: 337 393 400 401 402 409 465
402: 338 394 401 402 403 410 466
403: 339 395 402 403 404 411 467
404: 340 396 403 404 405 412 468
405: 341 397 404 405 406 413 469
406: 342 398 405 406 407 414 470
407: 343 399 406 407 415 471
408: 344 400 408 409 416 472
409: 345 401 408 409 410 417 473
410: 346 402 409 410 411 418 474
411: 347 403 410 411 412 419 475
412: 348 404 411 412 413 420 476
413: 349 405 412 413 414 421 477
414: 350 406 413 414 415 422 478
415: 351 407 414 415 423 479
416: 352 408 416 417 424 480
417: 353 409 416 417 418 425 481
418: 354 410 417 418 419 426 482
419: 355 411 418 419 420 427 483
420: 356 412 419 420 421 428 484
421: 357 413 420 421 422 429 485
422: 358 414 421 422 423 430 486
423: 359 415 422 423 431 487
424: 360 416 424 425 432 488
425: 361 417 424 425 426 433 489
426: 362 418 425 426 427 434 490
427: 363 419 426 427 428 435 491
428: 364 420 427 428 429 436 492
429: 365 421 428 429 430 437 493
430: 366 422 429 430 431 438 494
431: 367 423 430 431 439 495
432: 368 424 432 433 440 496
433: 369 425 432 433 434 441 497
434: 370 426 433 434 435 442 498
435: 371 427 434 435 436 443 499
436: 372 428 435 436 437 444 500
437: 373 429 436 437 438 445 501
438: 374 430 437 438 439 446 502
439: 375 431 438 439 447 503
440: 376 432 440 441 504
441: 377 433 440 441 442 505
442: 378 434 441 442 443 506
443: 379 435 442 443 444 507
444: 380 436 443 444 445 508
445: 381 437 444 445 446 509
446: 382 438 445 446 447 510
447: 383 439 446 447 511
448: 384 448 449 456 512
449: 385 448 449 450 457 513
450: 386 449 450 451 458 514
451: 387 450 451 452 459 515
452: 388 451 452 453 460 516
453: 389 452 453 454 461 517
454: 390 453 454 455 462 518
455: 391 454 455 463 519
456: 392 448 456 457 464 520
457: 393 449 456 457 458 465 521
458: 394 450 457 458 459 466 522
459: 395 451 458 459 460 467 523
460: 396 452 459 460 461 468 524
461: 397 453 460 461 462 469 525
462: 398 454 461 462 463 470 526
463: 399 455 462 463 471 527
464: 400 456 464 465 472 528
465: 401 457 464 465 466 473 529
466: 402 458 465 466 467 474 530
467: 403 459 466 467 468 475 531
468: 404 460 467 468 469 476 532
469: 405 461 468 469 470 477 533
470: 406 462 469 470 471 478 534
471: 407 463 470 471 479 535
472: 408 464 472 473 480 536
473: 409 465 472 473 474 481 537
474: 410 466 473 474 475 482 538
475: 411 467 474 475 476 483 539
476: 412 468 475 476 477 484 540
477: 413 469 476 477 478 485 541
478: 414 470 477 478 479 486 542
479: 415 471 478 479 487 543
480: 416 472 480 481 488 544
481: 417 473 480 481 482 489 545
482: 418 474 481 482 483 490 546
483: 419 475 482 483 484 491 547
484: 420 476 483 484 485 492 548
485: 421 477 484 485 486 493 549
486: 422 478 485 486 487 494 550
487: 423 479 486 487 495 551
488: 424 480 488 489 496 552
489: 425 481 488 489 490 497 553
490: 426 482 489 490 491 498 554
491: 427 483 490 491 492 499 555
492: 428 484 491 492 493 500 556
493: 429 485 492 493 494 501 557
494: 430 486 493 494 495 502 558
495: 431 487 494 495 503 559
496: 432 488 496 497 504 560
497: 433 489 496 497 498 505 561
498: 434 490 497 498 499 506 562
499: 435 491 498 499 500 507 563
500: 436 492 499 500 501 508 564
501: 437 493 500 501 502 509 565
502: 438 494 501 502 503 510 566
503: 439 495 502 503 511 567
504: 440 496 504 505 568
505: 441 497 504 505 506 569
506: 442 498 505 506 507 570
507: 443 499 506 507 508 571
508: 444 500 507 508 509 572
509: 445 501 508 509 510 573
510: 446 502 509 510 511 574
511: 447 503 510 511 575
512: 448 512 513 520 576
513: 449 512 513 514 521 577
514: 450 513 514 515 522 578
515: 451 514 515 516 523 579
516: 452 515 516 517 524 580
517: 453 516 517 518 525 581
518: 454 517 518 519 526 582
519: 455 518 519 527 583
520: 456 512 520 521 528 584
521: 457 513 520 521 522 529 585
522: 458 514 521 522 523 530 586
523: 459 515 522 523 524 531 587
524: 460 516 523 524 525 532 588
525: 461 517 524 525 526 533 589
526: 462 518 525 526 527 534 590
527: 463 519 526 527 535 591
528: 464 520 528 529 536 592
529: 465 521 528 529 530 537 593
530: 466 522 529 530 531 538 594
531: 467 523 530 531 532 539 595
532: 468 524 531 532 533 540 596
533: 469 525 532 533 534 541 597
534: 470 526 533 534 535 542 598
535: 471 527 534 535 543 599
536: 472 528 536 537 544 600
537: 473 529 536 537 538 545 601
538: 474 530 537 538 539 546 602
539: 475 531 538 539 540 547 603
540: 476 532 539 540 541 548 604
541: 477 533 540 541 542 549 605
542: 478 534 541 542 543 550 606
543: 479 535 542 543 551 607
544: 480 536 544 545 552 608
545: 481 537 544 545 546 553 609
546: 482 538 545 546 547 554 610
547: 483 539 546 547 548 555 611
548: 484 540 547 548 549 556 612
549: 485 541 548 549 550 557 613
550: 486 542 549 550 551 558 614
551: 487 543 550 551 559 615
552: 488 544 552 553 560 616
553: 489 545 552 553 554 561 617
554: 490 546 553 554 555 562 618
555: 491 547 554 555 556 563 619
556: 492 548 555 556 557 564 620
557: 493 549 556 557 558 565 621
558: 494 550 557 558 559 566 622
559: 495 551 558 559 567 623
560: 496 552 560 561 568 624
561: 497 553 560 561 562 569 625
562: 498 554 561 562 563 570 626
563: 499 555 562 563 564 571 627
564: 500 556 563 564 565 572 628
565: 501 557 564 565 566 573 629
566: 502 558 565 566 567 574 630
567: 503 559 566 567 575 631
568: 504 560 568 569 632
569: 505 561 568 569 570 633
570: 506 562 569 570 571 634
571: 507 563 570 571 572 635
572: 508 564 571 572 573 636
573: 509 565 572 573 574 637
574: 510 566 573 574 575 638
575: 511 567 574 575 639
576: 512 576 577 584 640
577: 513 576 577 578 585 641
578: 514 577 578 579 586 642
579: 515 578 579 580 587 643
580: 516 579 580 581 588 644
581: 517 580 581 582 589 645
582: 518 581 582 583 590 646
583: 519 582 583 591 647
584: 520 576 584 585 592 648
585: 521 577 584 585 586 593 649
586: 522 578 585 586 587 594 650
587: 523 579 586 587 588 595 651
588: 524 580 587 588 589 596 652
589: 525 581 588 589 590 597 653
590: 526 582 589 590 591 598 654
591: 527 583 590 591 599 655
592: 528 584 592 593 600 656
593: 529 585 592 593 594 601 657
594: 530 586 593 594 595 602 658
595: 531 587 594 595 596 603 659
596: 532 588 595 596 597 604 660
597: 533 589 596 597 598 605 661
598: 534 590 597 598 599 606 662
599: 535 591 598 599 607 663
600: 536 592 600 601 608 664
601: 537 593 600 601 602 609 665
602: 538 594 601 602 603 610 666
603: 539 595 602 603 604 611 667
604: 540 596 603 604 605 612 668
605: 541 597 604 605 606 613 669
606: 542 598 605 606 607 614 670
607: 543 599 606 607 615 671
608: 544 600 608 609 616 672
609: 545 601 608 609 610 617 673
610: 546 602 609 610 611 618 674
611: 547 603 610 611 612 619 675
612: 548 604 611 612 613 620 676
613: 549 605 612 613 614 621 677
614: 550 606 613 614 615 622 678
615: 551 607 614 615 623 679
616: 552 608 616 617 624 680
617: 553 609 616 617 618 625 681
618: 554 610 617 618 619 626 682
619: 555 611 618 619 620 627 683
620: 556 612 619 620 621 628 684
621: 557 613 620 621 622 629 685
622: 558 614 621 622 623 630 686
623: 559 615 622 623 631 687
624: 560 616 624 625 632 688
625: 561 617 624 625 626 633 689
626: 562 618 625 626 627 634 690
627: 563 619 626 627 628 635 691
628: 564 620 627 628 629 636 692
629: 565 621 628 629 630 637 693
630: 566 622 629 630 631 638 694
631: 567 623 630 631 639 695
632: 568 624 632 633 696
633: 569 625 632 633 634 697
634: 570 626 633 634 635 698
635: 571 627 634 635 636 699
636: 572 628 635 636 637 700
637: 573 629 636 637 638 701
638: 574 630 637 638 639 702
639: 575 631 638 639 703
640: 576 640 641 648 704
641: 577 640 641 642 649 705
642: 578 641 642 643 650 706
643: 579 642 643 644 651 707
644: 580 643 644 645 652 708
645: 581 644 645 646 653 709
646: 582 645 646 647 654 710
647: 583 646 647 655 711
648: 584 640 648 649 656 712
649: 585 641 648 649 650 657 713
650: 586 642 649 650 651 658 714
651: 587 643 650 651 652 659 715
652: 588 644 651 652 653 660 716
653: 589 645 652 653 654 661 717
654: 590 646 653 654 655 662 718
655: 591 647 654 655 663 719
656: 592 648 656 657 664 720
657: 593 649 656 657 658 665 721
658: 594 650 657 658 659 666 722
659: 595 651 658 659 660 667 723
660: 596 652 659 660 661 668 724
661: 597 653 660 661 662 669 725
662: 598 654 661 662 663 670 726
663: 599 655 662 663 671 727
664: 600 656 664 665 672 728
665: 601 657 664 665 666 673 729
666: 602 658 665 666 667 674 730
667: 603 659 666 667 668 675 731
668: 604 660 667 668 669 676 732
669: 605 661 668 669 670 677 733
670: 606 662 669 670 671 678 734
671: 607 663 670 671 679 735
672: 608 664 672 673 680 736
673: 609 665 672 673 674 681 737
674: 610 666 673 674 675 682 738
675: 611 667 674 675 676 683 739
676: 612 668 675 676 677 684 740
677: 613 669 676 677 678 685 741
678: 614 670 677 678 679 686 742
679: 615 671 678 679 687 743
680: 616 672 680 681 688 744
681: 617 673 680 681 682 689 745
682: 618 674 681 682 683 690 746
683: 619 675 682 683 684 691 747
684: 620 676 683 684 685 692 748
685: 621 677 684 685 686 693 749
686: 622 678 685 686 687 694 750
687: 623 679 686 687 695 751
688: 624 680 688 689 696 752
689: 625 681 688 689 690 697 753
690: 626 682 689 690 691 698 754
691: 627 683 690 691 692 699 755
692: 628 684 691 692 693 700 756
693: 629 685 692 693 694 701 757
694: 630 686 693 694 695 702 758
695: 631 687 694 695 703 759
696: 632 688 696 697 760
697: 633 689 696 697 698 761
698: 634 690 697 698 699 762
699: 635 691 698 699 700 763
700: 636 692 699 700 701 764
701: 637 693 700 701 702 765
702: 638 694 701 702 703 766
703: 639 695 702 703 767
704: 640 704 705 712 768
705: 641 704 705 706 713 769
706: 642 705 706 707 714 770
707: 643 706 707 708 715 771
708: 644 707 708 709 716 772
709: 645 708 709 710 717 773
710: 646 709 710 711 718 774
711: 647 710 711 719 775
712: 648 704 712 713 720 776
713: 649 705 712 713 714 721 777
714: 650 706 713 714 715 722 778
715: 651 707 714 715 716 723 779
716: 652 708 715 716 717 724 780
717: 653 709 716 717 718 725 781
718: 654 710 717 718 719 726 782
719: 655 711 718 719 727 783
720: 656 712 720 721 728 784
721: 657 713 720 721 722 729 785
722: 658 714 721 722 723 730 786
723: 659 715 722 723 724 731 787
724: 660 716 723 724 725 732 788
725: 661 717 724 725 726 733 789
726: 662 718 725 726 727 734 790
727: 663 719 726 727 735 791
728: 664 720 728 729 736 792
729: 665 721 728 729 730 737 793
730: 666 722 729 730 731 738 794
731: 667 723 730 731 732 739 795
732: 668 724 731 732 733 740 796
733: 669 725 732 733 734 741 797
734: 670 726 733 734 735 742 798
735: 671 727 734 735 743 799
736: 672 728 736 737 744 800
737: 673 729 736 737 738 745 801
738: 674 730 737 738 739 746 802
739: 675 731 738 739 740 747 803
740: 676 732 739 740 741 748 804
741: 677 733 740 741 742 749 805
742: 678 734 741 742 743 750 806
743: 679 735 742 743 751 807
744: 680 736 744 745 752 808
745: 681 737 744 745 746 753 809
746: 682 738 745 746 747 754 810
747: 683 739 746 747 748 755 811
748: 684 740 747 748 749 756 812
749: 685 741 748 749 750 757 813
750: 686 742 749 750 751 758 814
751: 687 743 750 751 759 815
752: 688 744 752 753 760 816
753: 689 745 752 753 754 761 817
754: 690 746 753 754 755 762 818
755: 691 747 754 755 756 763 819
756: 692 748 755 756 757 764 820
757: 693 749 756 757 758 765 821
758: 694 750 757 758 759 766 822
759: 695 751 758 759 767 823
760: 696 752 760 761 824
761: 697 753 760 761 762 825
762: 698 754 761 762 763 826
763: 699 755 762 763 764 827
764: 700 756 763 764 765 828
765: 701 757 764 765 766 829
766: 702 758 765 766 767 830
767: 703 759 766 767 831
768: 704 768 769 776 832
769: 705 768 769 770 777 833
770: 706 769 770 771 778 834
771: 707 770 771 772 779 835
772: 708 771 772 773 780 836
773: 709 772 773 774 781 837
774: 710 773 774 775 782 838
775: 711 774 775 783 839
776: 712 768 776 777 784 840
777: 713 769 776 777 778 785 841
778: 714 770 777 778 779 786 842
779: 715 771 778 779 780 787 843
780: 716 772 779 780 781 788 844
781: 717 773 780 781 782 789 845
782: 718 774 781 782 783 790 846
783: 719 775 782 783 791 847
784: 720 776 784 785 792 848
785: 721 777 784 785 786 793 849
786: 722 778 785 786 787 794 850
787: 723 779 786 787 788 795 851
788: 724 780 787 788 789 796 852
789: 725 781 788 789 790 797 853
790: 726 782 789 790 791 798 854
791: 727 783 790 791 799 855
792: 728 784 792 793 800 856
793: 729 785 792 793 794 801 857
794: 730 786 793 794 795 802 858
795: 731 787 794 795 796 803 859
796: 732 788 795 796 797 804 860
797: 733 789 796 797 798 805 861
798: 734 790 797 798 799 806 862
799: 735 791 798 799 807 863
800: 736 792 800 801 808 864
801: 737 793 800 801 802 809 865
802: 738 794 801 802 803 810 866
803: 739 795 802 803 804 811 867
804: 740 796 803 804 805 812 868
805: 741 797 804 805 806 813 869
806: 742 798 805 806 807 814 870
807: 743 799 806 807 815 871
808: 744 800 808 809 816 872
809: 745 801 808 809 810 817 873
810: 746 802 809 810 811 818 874
811: 747 803 810 811 812 819 875
812: 748 804 811 812 813 820 876
813: 749 805 812 813 814 821 877
814: 750 806 813 814 815 822 878
815: 751 807 814 815 823 879
816: 752 808 816 817 824 880
817: 753 809 816 817 818 825 881
818: 754 810 817 818 819 826 882
819: 755 811 818 819 820 827 883
820: 756 812 819 820 821 828 884
821: 757 813 820 821 822 829 885
822: 758 814 821 822 823 830 886
823: 759 815 822 823 831 887
824: 760 816 824 825 888
825: 761 817 824 825 826 889
826: 762 818 825 826 827 890
827: 763 819 826 827 828 891
828: 764 820 827 828 829 892
829: 765 821 828 829 830 893
830: 766 822 829 830 831 894
831: 767 823 830 831 895
832: 768 832 833 840 896
833: 769 832 833 834 841 897
834: 770 833 834 835 842 898
835: 771 834 835 836 843 899
836: 772 835 836 837 844 900
837: 773 836 837 838 845 901
838: 774 837 838 839 846 902
839: 775 838 839 847 903
840: 776 832 840 841 848 904
841: 777 833 840 841 842 849 905
842: 778 834 841 842 843 850 906
843: 779 835 842 843 844 851 907
844: 780 836 843 844 845 852 908
845: 781 837 844 845 846 853 909
846: 782 838 845 846 847 854 910
847: 783 839 846 847 855 911
848: 784 840 848 849 856 912
849: 785 841 848 849 850 857 913
850: 786 842 849 850 851 858 914
851: 787 843 850 851 852 859 915
852: 788 844 851 852 853 860 916
853: 789 845 852 853 854 861 917
854: 790 846 853 854 855 862 918
855: 791 847 854 855 863 919
856: 792 848 856 857 864 920
857: 793 849 856 857 858 865 921
858: 794 850 857 858 859 866 922
859: 795 851 858 859 860 867 923
860: 796 852 859 860 861 868 924
861: 797 853 860 861 862 869 925
862: 798 854 861 862 863 870 926
863: 799 855 862 863 871 927
864: 800 856 864 865 872 928
865: 801 857 864 865 866 873 929
866: 802 858 865 866 867 874 930
867: 803 859 866 867 868 875 931
868: 804 860 867 868 869 876 932
869: 805 861 868 869 870 877 933
870: 806 862 869 870 871 878 934
871: 807 863 870 871 879 935
872: 808 864 872 873 880 936
873: 809 865 872 873 874 881 937
874: 810 866 873 874 875 882 938
875: 811 867 874 875 876 883 939
876: 812 868 875 876 877 884 940
877: 813 869 876 877 878 885 941
878: 814 870 877 878 879 886 942
879: 815 871 878 879 887 943
880: 816 872 880 881 888 944
881: 817 873 880 881 882 889 945
882: 818 874 881 882 883 890 946
883: 819 875 882 883 884 891 947
884: 820 876 883 884 885 892 948
885: 821 877 884 885 886 893 949
886: 822 878 885 886 887 894 950
887: 823 879 886 887 895 951
888: 824 880 888 889 952
889: 825 881 888 889 890 953
890: 826 882 889 890 891 954
891: 827 883 890 891 892 955
892: 828 884 891 892 893 956
893: 829 885 892 893 894 957
894: 830 886 893 894 895 958
895: 831 887 894 895 959
896: 832 896 897 904 960
897: 833 896 897 898 905 961
898: 834 897 898 899 906 962
899: 835 898 899 900 907 963
900: 836 899 900 901 908 964
901: 837 900 901 902 909 965
902: 838 901 902 903 910 966
903: 839 902 903 911 967
904: 840 896 904 905 912 968
905: 841 897 904 905 906 913 969
906: 842 898 905 906 907 914 970
907: 843 899 906 907 908 915 971
908: 844 900 907 908 909 916 972
909: 845 901 908 909 910 917 973
910: 846 902 909 910 911 918 974
911: 847 903 910 911 919 975
912: 848 904 912 913 920 976
913: 849 905 912 913 914 921 977
914: 850 906 913 914 915 922 978
915: 851 907 914 915 916 923 979
916: 852 908 915 916 917 924 980
917: 853 909 916 917 918 925 981
918: 854 910 917 918 919 926 982
919: 855 911 918 919 927 983
920: 856 912 920 921 928 984
921: 857 913 920 921 922 929 985
922: 858 914 921 922 923 930 986
923: 859 915 922 923 924 931 987
924: 860 916 923 924 925 932 988
925: 861 917 924 925 926 933 989
926: 862 918 925 926 927 934 990
927: 863 919 926 927 935 991
928: 864 920 928 929 936 992
929: 865 921 928 929 930 937 993
930: 866 922 929 930 931 938 994
931: 867 923 930 931 932 939 995
932: 868 924 931 932 933 940 996
933: 869 925 932 933 934 941 997
934: 870 926 933 934 935 942 998
935: 871 927 934 935 943 999
936: 872 928 936 937 944 1000
937: 873 929 936 937 938 945 1001
938: 874 930 937 938 939 946 1002
939: 875 931 938 939 940 947 1003
940: 876 932 939 940 941 948 1004
941: 877 933 940 941 942 949 1005
942: 878 934 941 942 943 950 1006
943: 879 935 942 943 951 1007
944: 880 936 944 945 952 1008
945: 881 937 944 945 946 953 1009
946: 882 938 945 946 947 954 1010
947: 883 939 946 947 948 955 1011
948: 884 940 947 948 949 956 1012
949: 885 941 948 949 950 957 1013
950: 886 942 949 950 951 958 1014
951: 887 943 950 951 959 1015
952: 888 944 952 953 1016
953: 889 945 952 953 954 1017
954: 890 946 953 954 955 1018
955: 891 947 954 955 956 1019
956: 892 948 955 956 957 1020
957: 893 949 956 957 958 1021
958: 894 950 957 958 959 1022
959: 895 951 958 959 1023
960: 896 960 961 968 1024
961: 897 960 961 962 969 1025
962: 898 961 962 963 970 1026
963: 899 962 963 964 971 1027
964: 900 963 964 965 972 1028
965: 901 964 965 966 973 1029
966: 902 965 966 967 974 1030
967: 903 966 967 975 1031
968: 904 960 968 969 976 1032
969: 905 961 968 969 970 977 1033
970: 906 962 969 970 971 978 1034
971: 907 963 970 971 972 979 1035
972: 908 964 971 972 973 980 1036
973: 909 965 972 973 974 981 1037
974: 910 966 973 974 975 982 1038
975: 911 967 974 975 983 1039
976: 912 968 976 977 984 1040
977: 913 969 976 977 978 985 1041
978: 914 970 977 978 979 986 1042
979: 915 971 978 979 980 987 1043
980: 916 972 979 980 981 988 1044
981: 917 973 980 981 982 989 1045
982: 918 974 981 982 983 990 1046
983: 919 975 982 983 991 1047
984: 920 976 984 985 992 1048
985: 921 977 984 985 986 993 1049
986: 922 978 985 986 987 994 1050
987: 923 979 986 987 988 995 1051
988: 924 980 987 988 989 996 1052
989: 925 981 988 989 990 997 1053
990: 926 982 989 990 991 998 1054
991: 927 983 990 991 999 1055
992: 928 984 992 993 1000 1056
993: 929 985 992 993 994 1001 1057
994: 930 986 993 994 995 1002 1058
995: 931 987 994 995 996 1003 1059
996: 932 988 995 996 997 1004 1060
997: 933 989 996 997 998 1005 1061
998: 934 990 997 998 999 1006 1062
999: 935 991 998 999 1007 1063
1000: 936 992 1000 1001 1008 1064
1001: 937 993 1000 1001 1002 1009 1065
1002: 938 994 1001 1002 1003 1010 1066
1003: 939 995 1002 1003 1004 1011 1067
1004: 940 996 1003 1004 1005 1012 1068
1005: 941 997 1004 1005 1006 1013 1069
1006: 942 998 1005 1006 1007 1014 1070
1007: 943 999 1006 1007 1015 1071
1008: 944 1000 1008 1009 1016 1072
1009: 945 1001 1008 1009 1010 1017 1073
1010: 946 1002 1009 1010 1011 1018 1074
1011: 947 1003 1010 1011 1012 1019 1075
1012: 948 1004 1011 1012 1013 1020 1076
1013: 949 1005 1012 1013 1014 1021 1077
1014: 950 1006 1013 1014 1015 1022 1078
1015: 951 1007 1014 1015 1023 1079
1016: 952 1008 1016 1017 1080
1017: 953 1009 1016 1017 1018 1081
1018: 954 1010 1017 1018 1019 1082
1019: 955 1011 1018 1019 1020 1083
1020: 956 1012 1019 1020 1021 1084
1021: 957 1013 1020 1021 1022 1085
1022: 958 1014 1021 1022 1023 1086
1023: 959 1015 1022 1023 1087
1024: 960 1024 1025 1032 1088
1025: 961 1024 1025 1026 1033 1089
1026: 962 1025 1026 1027 1034 1090
1027: 963 1026 1027 1028 1035 1091
1028: 964 1027 1028 1029 1036 1092
1029: 965 1028 1029 1030 1037 1093
1030: 966 1029 1030 1031 1038 1094
1031: 967 1030 1031 1039 1095
1032: 968 1024 1032 1033 1040 1096
1033: 969 1025 1032 1033 1034 1041 1097
1034: 970 1026 1033 1034 1035 1042 1098
1035: 971 1027 1034 1035 1036 1043 1099
1036: 972 1028 1035 1036 1037 1044 1100
1037: 973 1029 1036 1037 1038 1045 1101
1038: 974 1030 1037 1038 1039 1046 1102
1039: 975 1031 1038 1039 1047 1103
1040: 976 1032 1040 1041 1048 1104
1041: 977 1033 1040 1041 1042 1049 1105
1042: 978 1034 1041 1042 1043 1050 1106
1043: 979 1035 1042 1043 1044 1051 1107
1044: 980 1036 1043 1044 1045 1052 1108
1045: 981 1037 1044 1045 1046 1053 1109
1046: 982 1038 1045 1046 1047 1054 1110
1047: 983 1039 1046 1047 1055 1111
1048: 984 1040 1048 1049 1056 1112
1049: 985 1041 1048 1049 1050 1057 1113
1050: 986 1042 1049 1050 1051 1058 1114
1051: 987 1043 1050 1051 1052 1059 1115
1052: 988 1044 1051 1052 1053 1060 1116
1053: 989 1045 1052 1053 1054 1061 1117
1054: 990 1046 1053 1054 1055 1062 1118
1055: 991 1047 1054 1055 1063 1119
1056: 992 1048 1056 1057 1064 1120
1057: 993 1049 1056 1057 1058 1065 1121
1058: 994 1050 1057 1058 1059 1066 1122
1059: 995 1051 1058 1059 1060 1067 1123
1060: 996 1052 1059 1060 1061 1068 1124
1061: 997 1053 1060 1061 1062 1069 1125
1062: 998 1054 1061 1062 1063 1070 1126
1063: 999 1055 1062 1063 1071 1127
1064: 1000 1056 1064 1065 1072 1128
1065: 1001 1057 1064 1065 1066 1073 1129
1066: 1002 1058 1065 1066 1067 1074 1130
1067: 1003 1059 1066 1067 1068 1075 1131
1068: 1004 1060 1067 1068 1069 1076 1132
1069: 1005 1061 1068 1069 1070 1077 1133
1070: 1006 1062 1069 1070 1071 1078 1134
1071: 1007 1063 1070 1071 1079 1135
1072: 1008 1064 1072 1073 1080 1136
1073: 1009 1065 1072 1073 1074 1081 1137
1074: 1010 1066 1073 1074 1075 1082 1138
1075: 1011 1067 1074 1075 1076 1083 1139
1076: 1012 1068 1075 1076 1077 1084 1140
1077: 1013 1069 1076 1077 1078 1085 1141
1078: 1014 1070 1077 1078 1079 1086 1142
1079: 1015 1071 1078 1079 1087 1143
1080: 1016 1072 1080 1081 1144
1081: 1017 1073 1080 1081 1082 1145
1082: 1018 1074 1081 1082 1083 1146
1083: 1019 1075 1082 1083 1084 1147
1084: 1020 1076 1083 1084 1085 1148
1085: 1021 1077 1084 1085 1086 1149
1086: 1022 1078 1085 1086 1087 1150
1087: 1023 1079 1086 1087 1151
1088: 1024 1088 1089 1096 1152
1089: 1025 1088 1089 1090 1097 1153
1090: 1026 1089 1090 1091 1098 1154
1091: 1027 1090 1091 1092 1099 1155
1092: 1028 1091 1092 1093 1100 1156
1093: 1029 1092 1093 1094 1101 1157
1094: 1030 1093 1094 1095 1102 1158
1095: 1031 1094 1095 1103 1159
1096: 1032 1088 1096 1097 1104 1160
1097: 1033 1089 1096 1097 1098 1105 1161
1098: 1034 1090 1097 1098 1099 1106 1162
1099: 1035 1091 1098 1099 1100 1107 1163
1100: 1036 1092 1099 1100 1101 1108 1164
1101: 1037 1093 1100 1101 1102 1109 1165
1102: 1038 1094 1101 1102 1103 1110 1166
1103: 1039 1095 1102 1103 1111 1167
1104: 1040 1096 1104 1105 1112 1168
1105: 1041 1097 1104 1105 1106 1113 1169
1106: 1042 1098 1105 1106 1107 1114 1170
1107: 1043 1099 1106 1107 1108 1115 1171
1108: 1044 1100 1107 1108 1109 1116 1172
1109: 1045 1101 1108 1109 1110 1117 1173
1110: 1046 1102 1109 1110 1111 1118 1174
1111: 1047 1103 1110 1111 1119 1175
1112: 1048 1104 1112 1113 1120 1176
1113: 1049 1105 1112 1113 1114 1121 1177
1114: 1050 1106 1113 1114 1115 1122 1178
1115: 1051 1107 1114 1115 1116 1123 1179
1116: 1052 1108 1115 1116 1117 1124 1180
1117: 1053 1109 1116 1117 1118 1125 1181
1118: 1054 1110 1117 1118 1119 1126 1182
1119: 1055 1111 1118 1119 1127 1183
1120: 1056 1112 1120 1121 1128 1184
1121: 1057 1113 1120 1121 1122 1129 1185
1122: 1058 1114 1121 1122 1123 1130 1186
1123: 1059 1115 1122 1123 1124 1131 1187
1124: 1060 1116 1123 1124 1125 1132 1188
1125: 1061 1117 1124 1125 1126 1133 1189
1126: 1062 1118 1125 1126 1127 1134 1190
1127: 1063 1119 1126 1127 1135 1191
1128: 1064 1120 1128 1129 1136 1192
1129: 1065 1121 1128 1129 1130 1137 1193
1130: 1066 1122 1129 1130 1131 1138 1194
1131: 1067 1123 1130 1131 1132 1139 1195
1132: 1068 1124 1131 1132 1133 1140 1196
1133: 1069 1125 1132 1133 1134 1141 1197
1134: 1070 1126 1133 1134 1135 1142 1198
1135: 1071 1127 1134 1135 1143 1199
1136: 1072 1128 1136 1137 1144 1200
1137: 1073 1129 1136 1137 1138 1145 1201
1138: 1074 1130 1137 1138 1139 1146 1202
1139: 1075 1131 1138 1139 1140 1147 1203
1140: 1076 1132 1139 1140 1141 1148 1204
1141: 1077 1133 1140 1141 1142 1149 1205
1142: 1078 1134 1141 1142 1143 1150 1206
1143: 1079 1135 1142 1143 1151 1207
1144: 1080 1136 1144 1145 1208
1145: 1081 1137 1144 1145 1146 1209
1146: 1082 1138 1145 1146 1147 1210
1147: 1083 1139 1146 1147 1148 1211
1148: 1084 1140 1147 1148 1149 1212
1149: 1085 1141 1148 1149 1150 1213
1150: 1086 1142 1149 1150 1151 1214
1151: 1087 1143 1150 1151 1215
1152: 1088 1152 1153 1160 1216
1153: 1089 1152 1153 1154 1161 1217
1154: 1090 1153 1154 1155 1162 1218
1155: 1091 1154 1155 1156 1163 1219
1156: 1092 1155 1156 1157 1164 1220
1157: 1093 1156 1157 1158 1165 1221
1158: 1094 1157 1158 1159 1166 1222
1159: 1095 1158 1159 1167 1223
1160: 1096 1152 1160 1161 1168 1224
1161: 1097 1153 1160 1161 1162 1169 1225
1162: 1098 1154 1161 1162 1163 1170 1226
1163: 1099 1155 1162 1163 1164 1171 1227
1164: 1100 1156 1163 1164 1165 1172 1228
1165: 1101 1157 1164 1165 1166 1173 1229
1166: 1102 1158 1165 1166 1167 1174 1230
1167: 1103 1159 1166 1167 1175 1231
1168: 1104 1160 1168 1169 1176 1232
1169: 1105 1161 1168 1169 1170 1177 1233
1170: 1106 1162 1169 1170 1171 1178 1234
1171: 1107 1163 1170 1171 1172 1179 1235
1172: 1108 1164 1171 1172 1173 1180 1236
1173: 1109 1165 1172 1173 1174 1181 1237
1174: 1110 1166 1173 1174 1175 1182 1238
1175: 1111 1167 1174 1175 1183 1239
1176: 1112 1168 1176 1177 1184 1240
1177: 1113 1169 1176 1177 1178 1185 1241
1178: 1114 1170 1177 1178 1179 1186 1242
1179: 1115 1171 1178 1179 1180 1187 1243
1180: 1116 1172 1179 1180 1181 1188 1244
1181: 1117 1173 1180 1181 1182 1189 1245
1182: 1118 1174 1181 1182 1183 1190 1246
1183: 1119 1175 1182 1183 1191 1247
1184: 1120 1176 1184 1185 1192 1248
1185: 1121 1177 1184 1185 1186 1193 1249
1186: 1122 1178 1185 1186 1187 1194 1250
1187: 1123 1179 1186 1187 1188 1195 1251
1188: 1124 1180 1187 1188 1189 1196 1252
1189: 1125 1181 1188 1189 1190 1197 1253
1190: 1126 1182 1189 1190 1191 1198 1254
1191: 1127 1183 1190 1191 1199 1255
1192: 1128 1184 1192 1193 1200 1256
1193: 1129 1185 1192 1193 1194 1201 1257
1194: 1130 1186 1193 1194 1195 1202 1258
1195: 1131 1187 1194 1195 1196 1203 1259
1196: 1132 1188 1195 1196 1197 1204 1260
1197: 1133 1189 1196 1197 1198 1205 1261
1198: 1134 1190 1197 1198 1199 1206 1262
1199: 1135 1191 1198 1199 1207 1263
1200: 1136 1192 1200 1201 1208 1264
1201: 1137 1193 1200 1201 1202 1209 1265
1202: 1138 1194 1201 1202 1203 1210 1266
1203: 1139 1195 1202 1203 1204 1211 1267
1204: 1140 1196 1203 1204 1205 1212 1268
1205: 1141 1197 1204 1205 1206 1213 1269
1206: 1142 1198 1205 1206 1207 1214 1270
1207: 1143 1199 1206 1207 1215 1271
1208: 1144 1200 1208 1209 1272
1209: 1145 1201 1208 1209 1210 1273
1210: 1146 1202 1209 1210 1211 1274
1211: 1147 1203 1210 1211 1212 1275
1212: 1148 1204 1211 1212 1213 1276
1213: 1149 1205 1212 1213 1214 1277
1214: 1150 1206 1213 1214 1215 1278
1215: 1151 1207 1214 1215 1279
1216: 1152 1216 1217 1224 1280
1217: 1153 1216 1217 1218 1225 1281
1218: 1154 1217 1218 1219 1226 1282
1219: 1155 1218 1219 1220 1227 1283
1220: 1156 1219 1220 1221 1228 1284
1221: 1157 1220 1221 1222 1229 1285
1222: 1158 1221 1222 1223 1230 1286
1223: 1159 1222 1223 1231 1287
1224: 1160 1216 1224 1225 1232 1288
1225: 1161 1217 1224 1225 1226 1233 1289
1226: 1162 1218 1225 1226 1227 1234 1290
1227: 1163 1219 1226 1227 1228 1235 1291
1228: 1164 1220 1227 1228 1229 1236 1292
1229: 1165 1221 1228 1229 1230 1237 1293
1230: 1166 1222 1229 1230 1231 1238 1294
1231: 1167 1223 1230 1231 1239 1295
1232: 1168 1224 1232 1233 1240 1296
1233: 1169 1225 1232 1233 1234 1241 1297
1234: 1170 1226 1233 1234 1235 1242 1298
1235: 1171 1227 1234 1235 1236 1243 1299
1236: 1172 1228 1235 1236 1237 1244 1300
1237: 1173 1229 1236 1237 1238 1245 1301
1238: 1174 1230 1237 1238 1239 1246 1302
1239: 1175 1231 1238 1239 1247 1303
1240: 1176 1232 1240 1241 1248 1304
1241: 1177 1233 1240 1241 1242 1249 1305
1242: 1178 1234 1241 1242 1243 1250 1306
1243: 1179 1235 1242 1243 1244 1251 1307
1244: 1180 1236 1243 1244 1245 1252 1308
1245: 1181 1237 1244 1245 1246 1253 1309
1246: 1182 1238 1245 1246 1247 1254 1310
1247: 1183 1239 1246 1247 1255 1311
1248: 1184 1240 1248 1249 1256 1312
1249: 1185 1241 1248 1249 1250 1257 1313
1250: 1186 1242 1249 1250 1251 1258 1314
1251: 1187 1243 1250 1251 1252 1259 1315
1252: 1188 1244 1251 1252 1253 1260 1316
1253: 1189 1245 1252 1253 1254 1261 1317
1254: 1190 1246 1253 1254 1255 1262 1318
1255: 1191 1247 1254 1255 1263 1319
1256: 1192 1248 1256 1257 1264 1320
1257: 1193 1249 1256 1257 1258 1265 1321
1258: 1194 1250 1257 1258 1259 1266 1322
1259: 1195 1251 1258 1259 1260 1267 1323
1260: 1196 1252 1259 1260 1261 1268 1324
1261: 1197 1253 1260 1261 1262 1269 1325
1262: 1198 1254 1261 1262 1263 1270 1326
1263: 1199 1255 1262 1263 1271 1327
1264: 1200 1256 1264 1265 1272 1328
1265: 1201 1257 1264 1265 1266 1273 1329
1266: 1202 1258 1265 1266 1267 1274 1330
1267: 1203 1259 1266 1267 1268 1275 1331
1268: 1204 1260 1267 1268 1269 1276 1332
1269: 1205 1261 1268 1269 1270 1277 1333
1270: 1206 1262 1269 1270 1271 1278 1334
1271: 1207 1263 1270 1271 1279 1335
1272: 1208 1264 1272 1273 1336
1273: 1209 1265 1272 1273 1274 1337
1274: 1210 1266 1273 1274 1275 1338
1275: 1211 1267 1274 1275 1276 1339
1276: 1212 1268 1275 1276 1277 1340
1277: 1213 1269 1276 1277 1278 1341
1278: 1214 1270 1277 1278 1279 1342
1279: 1215 1271 1278 1279 1343
1280: 1216 1280 1281 1288 1344
1281: 1217 1280 1281 1282 1289 1345
1282: 1218 1281 1282 1283 1290 1346
1283: 1219 1282 1283 1284 1291 1347
1284: 1220 1283 1284 1285 1292 1348
1285: 1221 1284 1285 1286 1293 1349
1286: 1222 1285 1286 1287 1294 1350
1287: 1223 1286 1287 1295 1351
1288: 1224 1280 1288 1289 1296 1352
1289: 1225 1281 1288 1289 1290 1297 1353
1290: 1226 1282 1289 1290 1291 1298 1354
1291: 1227 1283 1290 1291 1292 1299 1355
1292: 1228 1284 1291 1292 1293 1300 1356
1293: 1229 1285 1292 1293 1294 1301 1357
1294: 1230 1286 1293 1294 1295 1302 1358
1295: 1231 1287 1294 1295 1303 1359
1296: 1232 1288 1296 1297 1304 1360
1297: 1233 1289 1296 1297 1298 1305 1361
1298: 1234 1290 1297 1298 1299 1306 1362
1299: 1235 1291 1298 1299 1300 1307 1363
1300: 1236 1292 1299 1300 1301 1308 1364
1301: 1237 1293 1300 1301 1302 1309 1365
1302: 1238 1294 1301 1302 1303 1310 1366
1303: 1239 1295 1302 1303 1311 1367
1304: 1240 1296 1304 1305 1312 1368
1305: 1241 1297 1304 1305 1306 1313 1369
1306: 1242 1298 1305 1306 1307 1314 1370
1307: 1243 1299 1306 1307 1308 1315 1371
1308: 1244 1300 1307 1308 1309 1316 1372
1309: 1245 1301 1308 1309 1310 1317 1373
1310: 1246 1302 1309 1310 1311 1318 1374
1311: 1247 1303 1310 1311 1319 1375
1312: 1248 1304 1312 1313 1320 1376
1313: 1249 1305 1312 1313 1314 1321 1377
1314: 1250 1306 1313 1314 1315 1322 1378
1315: 1251 1307 1314 1315 1316 1323 1379
1316: 1252 1308 1315 1316 1317 1324 1380
1317: 1253 1309 1316 1317 1318 1325 1381
1318: 1254 1310 1317 1318 1319 1326 1382
1319: 1255 1311 1318 1319 1327 1383
1320: 1256 1312 1320 1321 1328 1384
1321: 1257 1313 1320 1321 1322 1329 1385
1322: 1258 1314 1321 1322 1323 1330 1386
1323: 1259 1315 1322 1323 1324 1331 1387
1324: 1260 1316 1323 1324 1325 1332 1388
1325: 1261 1317 1324 1325 1326 1333 1389
1326: 1262 1318 1325 1326 1327 1334 1390
1327: 1263 1319 1326 1327 1335 1391
1328: 1264 1320 1328 1329 1336 1392
1329: 1265 1321 1328 1329 1330 1337 1393
1330: 1266 1322 1329 1330 1331 1338 1394
1331: 1267 1323 1330 1331 1332 1339 1395
1332: 1268 1324 1331 1332 1333 1340 1396
1333: 1269 1325 1332 1333 1334 1341 1397
1334: 1270 1326 1333 1334 1335 1342 1398
1335: 1271 1327 1334 1335 1343 1399
1336: 1272 1328 1336 1337 1400
1337: 1273 1329 1336 1337 1338 1401
1338: 1274 1330 1337 1338 1339 1402
1339: 1275 1331 1338 1339 1340 1403
1340: 1276 1332 1339 1340 1341 1404
1341: 1277 1333 1340 1341 1342 1405
1342: 1278 1334 1341 1342 1343 1406
1343: 1279 1335 1342 1343 1407
1344: 1280 1344 1345 1352 1408
1345: 1281 1344 1345 1346 1353 1409
1346: 1282 1345 1346 1347 1354 1410
1347: 1283 1346 1347 1348 1355 1411
1348: 1284 1347 1348 1349 1356 1412
1349: 1285 1348 1349 1350 1357 1413
1350: 1286 1349 1350 1351 1358 1414
1351: 1287 1350 1351 1359 1415
1352: 1288 1344 1352 1353 1360 1416
1353: 1289 1345 1352 1353 1354 1361 1417
1354: 1290 1346 1353 1354 1355 1362 1418
1355: 1291 1347 1354 1355 1356 1363 1419
1356: 1292 1348 1355 1356 1357 1364 1420
1357: 1293 1349 1356 1357 1358 1365 1421
1358: 1294 1350 1357 1358 1359 1366 1422
1359: 1295 1351 1358 1359 1367 1423
1360: 1296 1352 1360 1361 1368 1424
1361: 1297 1353 1360 1361 1362 1369 1425
1362: 1298 1354 1361 1362 1363 1370 1426
1363: 1299 1355 1362 1363 1364 1371 1427
1364: 1300 1356 1363 1364 1365 1372 1428
1365: 1301 1357 1364 1365 1366 1373 1429
1366: 1302 1358 1365 1366 1367 1374 1430
1367: 1303 1359 1366 1367 1375 1431
1368: 1304 1360 1368 1369 1376 1432
1369: 1305 1361 1368 1369 1370 1377 1433
1370: 1306 1362 1369 1370 1371 1378 1434
1371: 1307 1363 1370 1371 1372 1379 1435
1372: 1308 1364 1371 1372 1373 1380 1436
1373: 1309 1365 1372 1373 1374 1381 1437
1374: 1310 1366 1373 1374 1375 1382 1438
1375: 1311 1367 1374 1375 1383 1439
1376: 1312 1368 1376 1377 1384 1440
1377: 1313 1369 1376 1377 1378 1385 1441
1378: 1314 1370 1377 1378 1379 1386 1442
1379: 1315 1371 1378 1379 1380 1387 1443
1380: 1316 1372 1379 1380 1381 1388 1444
1381: 1317 1373 1380 1381 1382 1389 1445
1382: 1318 1374 1381 1382 1383 1390 1446
1383: 1319 1375 1382 1383 1391 1447
1384: 1320 1376 1384 1385 1392 1448
1385: 1321 1377 1384 1385 1386 1393 1449
1386: 1322 1378 1385 1386 1387 1394 1450
1387: 1323 1379 1386 1387 1388 1395 1451
1388: 1324 1380 1387 1388 1389 1396 1452
1389: 1325 1381 1388 1389 1390 1397 1453
1390: 1326 1382 1389 1390 1391 1398 1454
1391: 1327 1383 1390 1391 1399 1455
1392: 1328 1384 1392 1393 1400 1456
1393: 1329 1385 1392 1393 1394 1401 1457
1394: 1330 1386 1393 1394 1395 1402 1458
1395: 1331 1387 1394 1395 1396 1403 1459
1396: 1332 1388 1395 1396 1397 1404 1460
1397: 1333 1389 1396 1397 1398 1405 1461
1398: 1334 1390 1397 1398 1399 1406 1462
1399: 1335 1391 1398 1399 1407 1463
1400: 1336 1392 1400 1401 1464
1401: 1337 1393 1400 1401 1402 1465
1402: 1338 1394 1401 1402 1403 1466
1403: 1339 1395 1402 1403 1404 1467
1404: 1340 1396 1403 1404 1405 1468
1405: 1341 1397 1404 1405 1406 1469
1406: 1342 1398 1405 1406 1407 1470
1407: 1343 1399 1406 1407 1471
1408: 1344 1408 1409 1416 1472
1409: 1345 1408 1409 1410 1417 1473
1410: 1346 1409 1410 1411 1418 1474
1411: 1347 1410 1411 1412 1419 1475
1412: 1348 1411 1412 1413 1420 1476
1413: 1349 1412 1413 1414 1421 1477
1414: 1350 1413 1414 1415 1422 1478
1415: 1351 1414 1415 1423 1479
1416: 1352 1408 1416 1417 1424 1480
1417: 1353 1409 1416 1417 1418 1425 1481
1418: 1354 1410 1417 1418 1419 1426 1482
1419: 1355 1411 1418 1419 1420 1427 1483
1420: 1356 1412 1419 1420 1421 1428 1484
1421: 1357 1413 1420 1421 1422 1429 1485
1422: 1358 1414 1421 1422 1423 1430 1486
1423: 1359 1415 1422 1423 1431 1487
1424: 1360 1416 1424 1425 1432 1488
1425: 1361 1417 1424 1425 1426 1433 1489
1426: 1362 1418 1425 1426 1427 1434 1490
1427: 1363 1419 1426 1427 1428 1435 1491
1428: 1364 1420 1427 1428 1429 1436 1492
1429: 1365 1421 1428 1429 1430 1437 1493
1430: 1366 1422 1429 1430 1431 1438 1494
1431: 1367 1423 1430 1431 1439 1495
1432: 1368 1424 1432 1433 1440 1496
1433: 1369 1425 1432 1433 1434 1441 1497
1434: 1370 1426 1433 1434 1435 1442 1498
1435: 1371 1427 1434 1435 1436 1443 1499
1436: 1372 1428 1435 1436 1437 1444 1500
1437: 1373 1429 1436 1437 1438 1445 1501
1438: 1374 1430 1437 1438 1439 1446 1502
1439: 1375 1431 1438 1439 1447 1503
1440: 1376 1432 1440 1441 1448 1504
1441: 1377 1433 1440 1441 1442 1449 1505
1442: 1378 1434 1441 1442 1443 1450 1506
1443: 1379 1435 1442 1443 1444 1451 1507
1444: 1380 1436 1443 1444 1445 1452 1508
1445: 1381 1437 1444 1445 1446 1453 1509
1446: 1382 1438 1445 1446 1447 1454 1510
1447: 1383 1439 1446 1447 1455 1511
1448: 1384 1440 1448 1449 1456 1512
1449: 1385 1441 1448 1449 1450 1457 1513
1450: 1386 1442 1449 1450 1451 1458 1514
1451: 1387 1443 1450 1451 1452 1459 1515
1452: 1388 1444 1451 1452 1453 1460 1516
1453: 1389 1445 1452 1453 1454 1461 1517
1454: 1390 1446 1453 1454 1455 1462 1518
1455: 1391 1447 1454 1455 1463 1519
1456: 1392 1448 1456 1457 1464 1520
1457: 1393 1449 1456 1457 1458 1465 1521
1458: 1394 1450 1457 1458 1459 1466 1522
1459: 1395 1451 1458 1459 1460 1467 1523
1460: 1396 1452 1459 1460 1461 1468 1524
1461: 1397 1453 1460 1461 1462 1469 1525
1462: 1398 1454 1461 1462 1463 1470 1526
1463: 1399 1455 1462 1463 1471 1527
1464: 1400 1456 1464 1465 1528
1465: 1401 1457 1464 1465 1466 1529
1466: 1402 1458 1465 1466 1467 1530
1467: 1403 1459 1466 1467 1468 1531
1468: 1404 1460 1467 1468 1469 1532
1469: 1405 1461 1468 1469 1470 1533
1470: 1406 1462 1469 1470 1471 1534
1471: 1407 1463 1470 1471 1535
1472: 1408 1472 1473 1480 1536
1473: 1409 1472 1473 1474 1481 1537
1474: 1410 1473 1474 1475 1482 1538
1475: 1411 1474 1475 1476 1483 1539
1476: 1412 1475 1476 1477 1484 1540
1477: 1413 1476 1477 1478 1485 1541
1478: 1414 1477 1478 1479 1486 1542
1479: 1415 1478 1479 1487 1543
1480: 1416 1472 1480 1481 1488 1544
1481: 1417 1473 1480 1481 1482 1489 1545
1482: 1418 1474 1481 1482 1483 1490 1546
1483: 1419 1475 1482 1483 1484 1491 1547
1484: 1420 1476 1483 1484 1485 1492 1548
1485: 1421 1477 1484 1485 1486 1493 1549
1486: 1422 1478 1485 1486 1487 1494 1550
1487: 1423 1479 1486 1487 1495 1551
1488: 1424 1480 1488 1489 1496 1552
1489: 1425 1481 1488 1489 1490 1497 1553
1490: 1426 1482 1489 1490 1491 1498 1554
1491: 1427 1483 1490 1491 1492 1499 1555
1492: 1428 1484 1491 1492 1493 1500 1556
1493: 1429 1485 1492 1493 1494 1501 1557
1494: 1430 1486 1493 1494 1495 1502 1558
1495: 1431 1487 1494 1495 1503 1559
1496: 1432 1488 1496 1497 1504 1560
1497: 1433 1489 1496 1497 1498 1505 1561
1498: 1434 1490 1497 1498 1499 1506 1562
1499: 1435 1491 1498 1499 1500 1507 1563
1500: 1436 1492 1499 1500 1501 1508 1564
1501: 1437 1493 1500 1501 1502 1509 1565
1502: 1438 1494 1501 1502 1503 1510 1566
1503: 1439 1495 1502 1503 1511 1567
1504: 1440 1496 1504 1505 1512 1568
1505: 1441 1497 1504 1505 1506 1513 1569
1506: 1442 1498 1505 1506 1507 1514 1570
1507: 1443 1499 1506 1507 1508 1515 1571
1508: 1444 1500 1507 1508 1509 1516 1572
1509: 1445 1501 1508 1509 1510 1517 1573
1510: 1446 1502 1509 1510 1511 1518 1574
1511: 1447 1503 1510 1511 1519 1575
1512: 1448 1504 1512 1513 1520 1576
1513: 1449 1505 1512 1513 1514 1521 1577
1514: 1450 1506 1513 1514 1515 1522 1578
1515: 1451 1507 1514 1515 1516 1523 1579
1516: 1452 1508 1515 1516 1517 1524 1580
1517: 1453 1509 1516 1517 1518 1525 1581
1518: 1454 1510 1517 1518 1519 1526 1582
1519: 1455 1511 1518 1519 1527 1583
1520: 1456 1512 1520 1521 1528 1584
1521: 1457 1513 1520 1521 1522 1529 1585
1522: 1458 1514 1521 1522 1523 1530 1586
1523: 1459 1515 1522 1523 1524 1531 1587
1524: 1460 1516 1523 1524 1525 1532 1588
1525: 1461 1517 1524 1525 1526 1533 1589
1526: 1462 1518 1525 1526 1527 1534 1590
1527: 1463 1519 1526 1527 1535 1591
1528: 1464 1520 1528 1529 1592
1529: 1465 1521 1528 1529 1530 1593
1530: 1466 1522 1529 1530 1531 1594
1531: 1467 1523 1530 1531 1532 1595
1532: 1468 1524 1531 1532 1533 1596
1533: 1469 1525 1532 1533 1534 1597
1534: 1470 1526 1533 1534 1535 1598
1535: 1471 1527 1534 1535 1599
1536: 1472 1536 1537 1544 1600
1537: 1473 1536 1537 1538 1545 1601
1538: 1474 1537 1538 1539 1546 1602
1539: 1475 1538 1539 1540 1547 1603
1540: 1476 1539 1540 1541 1548 1604
1541: 1477 1540 1541 1542 1549 1605
1542: 1478 1541 1542 1543 1550 1606
1543: 1479 1542 1543 1551 1607
1544: 1480 1536 1544 1545 1552 1608
1545: 1481 1537 1544 1545 1546 1553 1609
1546: 1482 1538 1545 1546 1547 1554 1610
1547: 1483 1539 1546 1547 1548 1555 1611
1548: 1484 1540 1547 1548 1549 1556 1612
1549: 1485 1541 1548 1549 1550 1557 1613
1550: 1486 1542 1549 1550 1551 1558 1614
1551: 1487 1543 1550 1551 1559 1615
1552: 1488 1544 1552 1553 1560 1616
1553: 1489 1545 1552 1553 1554 1561 1617
1554: 1490 1546 1553 1554 1555 1562 1618
1555: 1491 1547 1554 1555 1556 1563 1619
1556: 1492 1548 1555 1556 1557 1564 1620
1557: 1493 1549 1556 1557 1558 1565 1621
1558: 1494 1550 1557 1558 1559 1566 1622
1559: 1495 1551 1558 1559 1567 1623
1560: 1496 1552 1560 1561 1568 1624
1561: 1497 1553 1560 1561 1562 1569 1625
1562: 1498 1554 1561 1562 1563 1570 1626
1563: 1499 1555 1562 1563 1564 1571 1627
1564: 1500 1556 1563 1564 1565 1572 1628
1565: 1501 1557 1564 1565 1566 1573 1629
1566: 1502 1558 1565 1566 1567 1574 1630
1567: 1503 1559 1566 1567 1575 1631
1568: 1504 1560 1568 1569 1576 1632
1569: 1505 1561 1568 1569 1570 1577 1633
1570: 1506 1562 1569 1570 1571 1578 1634
1571: 1507 1563 1570 1571 1572 1579 1635
1572: 1508 1564 1571 1572 1573 1580 1636
1573: 1509 1565 1572 1573 1574 1581 1637
1574: 1510 1566 1573 1574 1575 1582 1638
1575: 1511 1567 1574 1575 1583 1639
1576: 1512 1568 1576 1577 1584 1640
1577: 1513 1569 1576 1577 1578 1585 1641
1578: 1514 1570 1577 1578 1579 1586 1642
1579: 1515 1571 1578 1579 1580 1587 1643
1580: 1516 1572 1579 1580 1581 1588 1644
1581: 1517 1573 1580 1581 1582 1589 1645
1582: 1518 1574 1581 1582 1583 1590 1646
1583: 1519 1575 1582 1583 1591 1647
1584: 1520 1576 1584 1585 1592 1648
1585: 1521 1577 1584 1585 1586 1593 1649
1586: 1522 1578 1585 1586 1587 1594 1650
1587: 1523 1579 1586 1587 1588 1595 1651
1588: 1524 1580 1587 1588 1589 1596 1652
1589: 1525 1581 1588 1589 1590 1597 1653
1590: 1526 1582 1589 1590 1591 1598 1654
1591: 1527 1583 1590 1591 1599 1655
1592: 1528 1584 1592 1593 1656
1593: 1529 1585 1592 1593 1594 1657
1594: 1530 1586 1593 1594 1595 1658
1595: 1531 1587 1594 1595 1596 1659
1596: 1532 1588 1595 1596 1597 1660
1597: 1533 1589 1596 1597 1598 1661
1598: 1534 1590 1597 1598 1599 1662
1599: 1535 1591 1598 1599 1663
1600: 1536 1600 1601 1608 1664
1601: 1537 1600 1601 1602 1609 1665
1602: 1538 1601 1602 1603 1610 1666
1603: 1539 1602 1603 1604 1611 1667
1604: 1540 1603 1604 1605 1612 1668
1605: 1541 1604 1605 1606 1613 1669
1606: 1542 1605 1606 1607 1614 1670
1607: 1543 1606 1607 1615 1671
1608: 1544 1600 1608 1609 1616 1672
1609: 1545 1601 1608 1609 1610 1617 1673
1610: 1546 1602 1609 1610 1611 1618 1674
1611: 1547 1603 1610 1611 1612 1619 1675
1612: 1548 1604 1611 1612 1613 1620 1676
1613: 1549 1605 1612 1613 1614 1621 1677
1614: 1550 1606 1613 1614 1615 1622 1678
1615: 1551 1607 1614 1615 1623 1679
1616: 1552 1608 1616 1617 1624 1680
1617: 1553 1609 1616 1617 1618 1625 1681
1618: 1554 1610 1617 1618 1619 1626 1682
1619: 1555 1611 1618 1619 1620 1627 1683
1620: 1556 1612 1619 1620 1621 1628 1684
1621: 1557 1613 1620 1621 1622 1629 1685
1622: 1558 1614 1621 1622 1623 1630 1686
1623: 1559 1615 1622 1623 1631 1687
1624: 1560 1616 1624 1625 1632 1688
1625: 1561 1617 1624 1625 1626 1633 1689
1626: 1562 1618 1625 1626 1627 1634 1690
1627: 1563 1619 1626 1627 1628 1635 1691
1628: 1564 1620 1627 1628 1629 1636 1692
1629: 1565 1621 1628 1629 1630 1637 1693
1630: 1566 1622 1629 1630 1631 1638 1694
1631: 1567 1623 1630 1631 1639 1695
1632: 1568 1624 1632 1633 1640 1696
1633: 1569 1625 1632 1633 1634 1641 1697
1634: 1570 1626 1633 1634 1635 1642 1698
1635: 1571 1627 1634 1635 1636 1643 1699
1636: 1572 1628 1635 1636 1637 1644 1700
1637: 1573 1629 1636 1637 1638 1645 1701
1638: 1574 1630 1637 1638 1639 1646 1702
1639: 1575 1631 1638 1639 1647 1703
1640: 1576 1632 1640 1641 1648 1704
1641: 1577 1633 1640 1641 1642 1649 1705
1642: 1578 1634 1641 1642 1643 1650 1706
1643: 1579 1635 1642 1643 1644 1651 1707
1644: 1580 1636 1643 1644 1645 1652 1708
1645: 1581 1637 1644 1645 1646 1653 1709
1646: 1582 1638 1645 1646 1647 1654 1710
1647: 1583 1639 1646 1647 1655 1711
1648: 1584 1640 1648 1649 1656 1712
1649: 1585 1641 1648 1649 1650 1657 1713
1650: 1586 1642 1649 1650 1651 1658 1714
1651: 1587 1643 1650 1651 1652 1659 1715
1652: 1588 1644 1651 1652 1653 1660 1716
1653: 1589 1645 1652 1653 1654 1661 1717
1654: 1590 1646 1653 1654 1655 1662 1718
1655: 1591 1647 1654 1655 1663 1719
1656: 1592 1648 1656 1657 1720
1657: 1593 1649 1656 1657 1658 1721
1658: 1594 1650 1657 1658 1659 1722
1659: 1595 1651 1658 1659 1660 1723
1660: 1596 1652 1659 1660 1661 1724
1661: 1597 1653 1660 1661 1662 1725
1662: 1598 1654 1661 1662 1663 1726
1663: 1599 1655 1662 1663 1727
1664: 1600 1664 1665 1672 1728
1665: 1601 1664 1665 1666 1673 1729
1666: 1602 1665 1666 1667 1674 1730
1667: 1603 1666 1667 1668 1675 1731
1668: 1604 1667 1668 1669 1676 1732
1669: 1605 1668 1669 1670 1677 1733
1670: 1606 1669 1670 1671 1678 1734
1671: 1607 1670 1671 1679 1735
1672: 1608 1664 1672 1673 1680 1736
1673: 1609 1665 1672 1673 1674 1681 1737
1674: 1610 1666 1673 1674 1675 1682 1738
1675: 1611 1667 1674 1675 1676 1683 1739
1676: 1612 1668 1675 1676 1677 1684 1740
1677: 1613 1669 1676 1677 1678 1685 1741
1678: 1614 1670 1677 1678 1679 1686 1742
1679: 1615 1671 1678 1679 1687 1743
1680: 1616 1672 1680 1681 1688 1744
1681: 1617 1673 1680 1681 1682 1689 1745
1682: 1618 1674 1681 1682 1683 1690 1746
1683: 1619 1675 1682 1683 1684 1691 1747
1684: 1620 1676 1683 1684 1685 1692 1748
1685: 1621 1677 1684 1685 1686 1693 1749
1686: 1622 1678 1685 1686 1687 1694 1750
1687: 1623 1679 1686 1687 1695 1751
1688: 1624 1680 1688 1689 1696 1752
1689: 1625 1681 1688 1689 1690 1697 1753
1690: 1626 1682 1689 1690 1691 1698 1754
1691: 1627 1683 1690 1691 1692 1699 1755
1692: 1628 1684 1691 1692 1693 1700 1756
1693: 1629 1685 1692 1693 1694 1701 1757
1694: 1630 1686 1693 1694 1695 1702 1758
1695: 1631 1687 1694 1695 1703 1759
1696: 1632 1688 1696 1697 1704 1760
1697: 1633 1689 1696 1697 1698 1705 1761
1698: 1634 1690 1697 1698 1699 1706 1762
1699: 1635 1691 1698 1699 1700 1707 1763
1700: 1636 1692 1699 1700 1701 1708 1764
1701: 1637 1693 1700 1701 1702 1709 1765
1702: 1638 1694 1701 1702 1703 1710 1766
1703: 1639 1695 1702 1703 1711 1767
1704: 1640 1696 1704 1705 1712 1768
1705: 1641 1697 1704 1705 1706 1713 1769
1706: 1642 1698 1705 1706 1707 1714 1770
1707: 1643 1699 1706 1707 1708 1715 1771
1708: 1644 1700 1707 1708 1709 1716 1772
1709: 1645 1701 1708 1709 1710 1717 1773
1710: 1646 1702 1709 1710 1711 1718 1774
1711: 1647 1703 1710 1711 1719 1775
1712: 1648 1704 1712 1713 1720 1776
1713: 1649 1705 1712 1713 1714 1721 1777
1714: 1650 1706 1713 1714 1715 1722 1778
1715: 1651 1707 1714 1715 1716 1723 1779
1716: 1652 1708 1715 1716 1717 1724 1780
1717: 1653 1709 1716 1717 1718 1725 1781
1718: 1654 1710 1717 1718 1719 1726 1782
1719: 1655 1711 1718 1719 1727 1783
1720: 1656 1712 1720 1721 1784
1721: 1657 1713 1720 1721 1722 1785
1722: 1658 1714 1721 1722 1723 1786
1723: 1659 1715 1722 1723 1724 1787
1724: 1660 1716 1723 1724 1725 1788
1725: 1661 1717 1724 1725 1726 1789
1726: 1662 1718 1725 1726 1727 1790
1727: 1663 1719 1726 1727 1791
1728: 1664 1728 1729 1736 1792
1729: 1665 1728 1729 1730 1737 1793
1730: 1666 1729 1730 1731 1738 1794
1731: 1667 1730 1731 1732 1739 1795
1732: 1668 1731 1732 1733 1740 1796
1733: 1669 1732 1733 1734 1741 1797
1734: 1670 1733 1734 1735 1742 1798
1735: 1671 1734 1735 1743 1799
1736: 1672 1728 1736 1737 1744 1800
1737: 1673 1729 1736 1737 1738 1745 1801
1738: 1674 1730 1737 1738 1739 1746 1802
1739: 1675 1731 1738 1739 1740 1747 1803
1740: 1676 1732 1739 1740 1741 1748 1804
1741: 1677 1733 1740 1741 1742 1749 1805
1742: 1678 1734 1741 1742 1743 1750 1806
1743: 1679 1735 1742 1743 1751 1807
1744: 1680 1736 1744 1745 1752 1808
1745: 1681 1737 1744 1745 1746 1753 1809
1746: 1682 1738 1745 1746 1747 1754 1810
1747: 1683 1739 1746 1747 1748 1755 1811
1748: 1684 1740 1747 1748 1749 1756 1812
1749: 1685 1741 1748 1749 1750 1757 1813
1750: 1686 1742 1749 1750 1751 1758 1814
1751: 1687 1743 1750 1751 1759 1815
1752: 1688 1744 1752 1753 1760 1816
1753: 1689 1745 1752 1753 1754 1761 1817
1754: 1690 1746 1753 1754 1755 1762 1818
1755: 1691 1747 1754 1755 1756 1763 1819
1756: 1692 1748 1755 1756 1757 1764 1820
1757: 1693 1749 1756 1757 1758 1765 1821
1758: 1694 1750 1757 1758 1759 1766 1822
1759: 1695 1751 1758 1759 1767 1823
1760: 1696 1752 1760 1761 1768 1824
1761: 1697 1753 1760 1761 1762 1769 1825
1762: 1698 1754 1761 1762 1763 1770 1826
1763: 1699 1755 1762 1763 1764 1771 1827
1764: 1700 1756 1763 1764 1765 1772 1828
1765: 1701 1757 1764 1765 1766 1773 1829
1766: 1702 1758 1765 1766 1767 1774 1830
1767: 1703 1759 1766 1767 1775 1831
1768: 1704 1760 1768 1769 1776 1832
1769: 1705 1761 1768 1769 1770 1777 1833
1770: 1706 1762 1769 1770 1771 1778 1834
1771: 1707 1763 1770 1771 1772 1779 1835
1772: 1708 1764 1771 1772 1773 1780 1836
1773: 1709 1765 1772 1773 1774 1781 1837
1774: 1710 1766 1773 1774 1775 1782 1838
1775: 1711 1767 1774 1775 1783 1839
1776: 1712 1768 1776 1777 1784 1840
1777: 1713 1769 1776 1777 1778 1785 1841
1778: 1714 1770 1777 1778 1779 1786 1842
1779: 1715 1771 1778 1779 1780 1787 1843
1780: 1716 1772 1779 1780 1781 1788 1844
1781: 1717 1773 1780 1781 1782 1789 1845
1782: 1718 1774 1781 1782 1783 1790 1846
1783: 1719 1775 1782 1783 1791 1847
1784: 1720 1776 1784 1785 1848
1785: 1721 1777 1784 1785 1786 1849
1786: 1722 1778 1785 1786 1787 1850
1787: 1723 1779 1786 1787 1788 1851
1788: 1724 1780 1787 1788 1789 1852
1789: 1725 1781 1788 1789 1790 1853
1790: 1726 1782 1789 1790 1791 1854
1791: 1727 1783 1790 1791 1855
1792: 1792
1793: 1793
1794: 1794
1795: 1795
1796: 1796
1797: 1797
1798: 1798
1799: 1799
1800: 1800
1801: 1801
1802: 1802
1803: 1803
1804: 1804
1805: 1805
1806: 1806
1807: 1807
1808: 1808
1809: 1809
1810: 1810
1811: 1811
1812: 1812
1813: 1813
1814: 1814
1815: 1815
1816: 1816
1817: 1817
1818: 1818
1819: 1819
1820: 1820
1821: 1821
1822: 1822
1823: 1823
1824: 1824
1825: 1825
1826: 1826
1827: 1827
1828: 1828
1829: 1829
1830: 1830
1831: 1831
1832: 1832
1833: 1833
1834: 1834
1835: 1835
1836: 1836
1837: 1837
1838: 1838
1839: 1839
1840: 1840
1841: 1841
1842: 1842
1843: 1843
1844: 1844
1845: 1845
1846: 1846
1847: 1847
1848: 1848
1849: 1849
1850: 1850
1851: 1851
1852: 1852
1853: 1853
1854: 1854
1855: 1855
