0: 0 2 3 5 6 52 119 120 175 177 192 193 196 238
1: 1 2 52 96 97 173 174 175
2: 2 50 51 197 198
3: 3 175
4: 4 56 57 58 59 60 61 62 63 64 65 66 67 68 69 70 71 72 73 74 75 76 77 78 79 80 81 82 83 84 85 86 87 88 89 90 91 92 93 94 95 96 97 134 135 136 137 138 139 140 141 142 143 144 145 146 147 148 149 150 151 152 153 154 155 156 157 158 159 160 161 162 163 164 165 166 167 168 169 170 171 172 173 174 180 181 222 228 229 230 231 232 233 234 235 236 237 250 251 252 253 254 255 256 257 258 259
5: 5 57 58 59 60 61 62 63 64 65 66 67 68 69 70 71 72 73 74 75 76 77 78 79 80 81 82 83 84 85 86 87 88 89 90 91 92 93 94 95 180 250 251 252 253 254 255 256 257 258
6: 6 134 135 136 137 138 139 140 141 142 143 144 145 146 147 148 149 150 151 152 153 154 155 156 157 158 159 160 161 162 163 164 165 166 167 168 169 170 171 172 181 228 229 230 231 232 233 234 235 236
7: 0 7 52 57 134 176 178 179 180 181 182 238 242 243 244 245 246 247 248 249
8: 0 7 8 52 58 135 176 238 242 243 244 245 246 247 248 249
9: 0 7 9 52 59 136 176 182 238 242 243 244 245 246 247 248 249
10: 0 7 10 52 60 137 176 238 242 243 244 245 246 247 248 249
11: 31 36 37 38 39 40 41 43 62 139 183 239 240 241 244 245 246 247 248 249
12: 27 31 35 36 37 38 39 40 41 43 63 140 184 239 240 241 244 245 246 247 248 249
13: 23 31 36 37 38 39 40 41 64 141 185 239 240 241 244 245 246 247 248 249
14: 29 31 33 36 37 38 39 40 41 65 142 186 239 240 241 244 245 246 247 248 249
15: 24 29 31 33 39 41 66 143 187 241 245 247 248 249
16: 27 36 37 39 40 41 52 67 144 188 240 241 245 246 247 248 249
17: 0 3 7 8 9 10 17 18 20 21 22 23 24 25 26 27 28 29 30 31 32 33 34 35 36 37 38 39 40 41 42 43 44 45 46 47 48 49 52 68 119 120 145 176 178 183 184 185 186 187 188 191 192 193 196 198 238 239 240 241 242 243 244 245 246 247 248 249
18: 0 17 18 21 22 23 24 25 26 27 28 29 30 31 32 33 34 35 36 37 39 40 41 42 43 44 45 46 47 48 49 52 69 146 176 178 183 184 185 186 187 188 191
19: 0 3 21 22 23 24 25 26 27 28 29 30 31 33 34 35 36 37 38 39 40 41 42 43 44 47 52 70 147 176 183 184 185 186 187 188 191 238 239 240 241 244 245 246 247 248 249
20: 0 20 25 26 52 61 138 176 238 242 243 244 245 246 247 248 249
21: 3 7 8 9 10 20 21 22 23 24 25 26 27 28 29 30 31 32 33 34 35 36 37 39 40 41 42 43 44 45 46 47 48 49 52 71 148 183 184 185 186 187 188 191 242 243 245 248 249
22: 0 3 7 22 23 24 25 26 27 28 30 31 32 33 35 39 40 42 43 44 46 47 52 72 149 176 178 238 242 243 244 245 246 247 248 249
23: 0 3 7 8 9 10 17 18 20 21 22 23 24 25 26 27 28 29 30 31 32 33 34 35 36 37 38 39 40 41 42 43 44 45 46 47 48 49 52 73 119 120 150 176 178 183 184 185 186 187 188 191 192 193 196 198 238 239 240 241 242 243 244 245 246 247 248 249
24: 3 17 18 21 22 23 24 25 26 27 28 29 30 31 33 34 35 36 37 38 39 40 41 42 43 44 45 46 47 48 49 52 74 151 183 184 185 186 187 188 191 238 239 240 241 242 243 244 245 246 247 248 249
25: 0 3 7 8 9 10 17 18 20 21 22 23 24 25 26 27 28 29 30 31 32 33 34 35 36 37 38 39 40 41 42 43 44 45 46 47 48 49 52 75 119 120 152 176 178 183 185 188 191 192 193 238 239 240 241 242 243 244 245 246 248 249
26: 0 3 7 8 10 20 21 22 23 24 25 26 27 28 29 30 31 32 33 34 35 36 37 38 39 40 41 42 43 44 45 46 47 49 52 76 153 176 183 184 185 186 187 188 191 238 239 240 241 242 243 245 246 247 248 249
27: 0 3 24 25 26 27 28 29 30 33 35 36 37 38 39 40 41 42 43 44 45 46 49 50 52 77 119 120 154 176 192 193 196 238 239 240 241 242 243 244 249
28: 0 3 7 8 10 17 18 20 21 22 23 24 25 26 27 28 29 30 31 32 33 34 35 36 37 38 39 40 41 42 43 44 45 46 47 48 49 52 78 155 176 178 183 184 185 186 187 188 191 238 239 240 241 242 243 244 245 246 247 248 249
29: 0 3 8 9 10 17 18 20 21 22 23 24 25 26 27 28 29 30 31 32 33 34 35 36 37 38 39 40 41 42 43 44 45 46 47 48 49 79 119 120 156 176 178 183 184 185 186 187 188 191 192 193 196 238 239 240 241 242 243 244 245 246 247 248 249
30: 0 3 7 8 9 10 17 18 20 21 22 23 24 25 26 27 28 29 30 31 32 33 34 35 36 37 38 39 40 41 42 43 44 45 46 47 48 49 52 80 119 120 157 176 178 183 184 185 186 187 188 191 192 193 196 238 239 240 241 242 243 244 245 246 247 248 249
31: 0 3 7 8 9 10 17 18 20 21 22 23 24 25 26 27 28 29 30 31 32 33 34 35 36 37 38 39 40 41 42 43 44 45 46 47 48 49 52 81 119 120 158 176 178 183 184 185 186 187 188 191 192 193 196 238 239 240 241 242 243 244 245 246 247 248 249
32: 0 7 8 9 10 20 32 38 52 82 159 176 178 238 239 242
33: 0 3 7 17 18 21 22 23 24 25 26 27 28 29 30 31 32 33 34 35 36 37 38 39 40 41 42 43 44 45 46 47 48 49 52 83 119 120 160 176 178 183 184 185 186 187 188 191 192 193 196 238 239 240 241 242 243 244 245 247 248 249
34: 17 18 21 31 34 35 37 44 45 46 49 52 84 161 183 184 185 186 187 188 197 242 243
35: 0 3 7 8 9 10 17 18 20 21 22 23 24 25 26 27 28 30 31 32 33 34 35 36 37 38 39 40 41 42 43 44 45 46 47 48 49 52 85 162 176 178 183 184 185 186 187 188 191 238 239 240 241 242 243 244 245 246 247 248 249
36: 0 3 7 8 9 10 17 18 20 21 22 23 24 25 26 27 28 29 30 31 32 33 34 35 36 37 38 39 40 41 42 43 44 45 46 47 48 49 50 52 86 119 120 163 176 178 183 184 185 186 187 188 191 192 193 196 238 239 240 241 242 243 244 245 246 247 248 249
37: 0 3 8 9 10 20 21 24 25 26 27 30 36 37 38 39 40 41 42 43 45 46 47 49 50 52 87 164 176 178 183 184 185 186 187 188 191 239 240
38: 3 24 25 26 27 29 30 31 33 35 36 37 38 39 40 41 42 43 46 47 49 50 52 88 165 238 240 241 244 245 246 249
39: 0 3 7 8 9 10 17 18 20 21 22 23 24 25 26 27 28 29 30 31 32 33 34 35 36 37 38 39 40 41 42 43 44 45 46 47 48 49 50 52 89 119 120 166 176 178 183 184 185 186 187 188 191 192 193 197 238 239 240 241 242 243 244 245 246 247 248 249
40: 0 3 7 8 9 10 17 18 20 21 22 23 24 25 26 27 28 29 30 31 32 33 34 35 36 37 38 39 40 41 42 43 44 45 46 47 48 49 50 52 90 167 176 178 183 184 185 186 187 188 191 197 238 239 240 241 242 243 244 245 246 247 248 249
41: 0 3 7 8 9 10 17 18 20 21 22 23 24 25 26 27 28 29 30 31 32 33 34 35 36 37 38 39 40 41 42 43 44 45 46 47 48 49 50 52 91 168 176 178 183 184 185 186 187 188 191 238 239 240 241 242 243 244 245 246 247 248 249
42: 0 3 17 18 21 22 23 24 25 26 27 28 29 30 31 32 33 34 35 36 37 38 39 40 41 42 43 44 45 46 47 48 49 50 52 92 169 176 178 183 184 185 186 187 188 238 239 240 241 242 243 244 245 246 249
43: 0 3 10 17 18 20 21 22 23 24 25 26 27 28 29 30 31 33 34 35 36 37 38 39 40 41 42 43 44 45 46 47 48 49 50 52 93 170 176 178 183 184 185 186 187 188 191 238 239 240 241 242 243 244 245 247 249
44: 0 3 7 8 9 10 17 18 20 21 22 23 24 25 26 27 28 29 30 31 32 33 34 35 36 37 38 39 40 41 42 43 44 45 46 47 48 49 119 120 176 178 183 184 185 186 187 188 191 192 193 196 238 239 240 241 242 243 244 245 246 247 248 249
45: 3 7 8 9 10 17 18 20 21 22 23 24 25 26 27 28 29 30 31 32 33 34 35 36 37 38 39 40 41 42 43 44 45 46 47 48 49 51 183 184 185 186 187 188 191 238 239 240 241 242 243 244 245 246 247 248 249
46: 0 3 7 8 9 10 20 21 22 23 24 25 26 27 28 29 30 31 32 33 34 35 36 37 38 39 40 41 42 43 44 45 46 47 48 49 50 51 176 178 191 238 239 240 241 242 243 244 245 246 247 248 249
47: 0 3 7 8 9 10 20 21 22 23 24 25 26 27 28 29 30 31 32 33 34 35 36 37 38 39 40 41 42 43 44 45 46 47 48 49 50 51 95 172 176 178 238 239 240 241 242 243 244 245 246 247 248 249
48: 0 3 7 8 9 10 17 18 20 21 22 23 24 25 26 27 28 29 30 31 32 33 34 35 36 37 38 39 40 41 42 43 44 45 46 47 48 49 176 178 183 184 185 186 187 188 191 238 239 240 241 242 243 244 245 246 247 248 249
49: 0 3 7 8 9 10 17 18 20 21 22 23 24 25 26 27 28 29 30 31 32 33 34 35 36 37 38 39 40 41 42 43 44 45 46 47 48 49 50 51 94 119 120 171 176 178 183 184 185 186 187 188 191 192 193 196 238 239 240 241 242 243 244 245 246 247 248 249
50: 50 53 217
51: 51 54 218
52: 52 55 219
53: 7 8 9 10 17 18 20 21 22 23 24 25 26 27 28 29 30 31 32 33 34 35 36 37 38 39 40 41 42 43 44 45 46 47 48 49 53 119 120 177 178 183 184 185 186 187 188 191 192 193 196 197 198 239 240 241 242 243 244 245 246 247 248 249
54: 0 7 8 9 10 17 18 20 21 22 23 24 25 26 27 28 29 30 31 32 33 34 35 36 37 38 39 40 41 42 43 44 45 46 47 48 49 54 119 120 176 177 178 183 184 185 186 187 188 191 192 193 196 197 198 239 240 241 242 243 244 245 246 247 248 249
55: 7 8 9 10 17 18 20 21 22 23 24 25 26 27 28 30 31 32 33 34 35 36 37 38 39 40 41 42 43 55 188 191
56: 4 56 97 174 220 221
57: 7 57 223
58: 8 58 223
59: 9 59 223
60: 10 60 223
61: 20 61 223
62: 11 62
63: 12 63
64: 13 64
65: 14 65
66: 15 66
67: 16 67
68: 68 189
69: 69 190
70: 19 70
71: 21 71
72: 57 58 59 61 72 180
73: 68 73 225 226
74: 62 64 65 66 71 74 225
75: 25 75 223
76: 26 76 223
77: 27 77 223
78: 28 78 223
79: 29 79 223
80: 30 80 223
81: 31 81 223
82: 32 82 223
83: 33 83 223
84: 34 84 223
85: 35 85 223
86: 36 86 223
87: 37 87 223
88: 38 88 223
89: 39 89 223
90: 40 90 223
91: 41 91 223
92: 42 92 223
93: 43 93 223
94: 94 175
95: 5 6 95 175
96: 96 175
97: 2 97
98: 0 3 7 8 9 10 17 18 20 21 22 23 24 25 26 27 28 29 30 31 32 33 34 35 36 37 38 39 40 41 42 43 44 45 46 47 48 49 98 119 120 177 178 183 184 185 186 187 188 191 192 193 196 197 198 238 239 240 241 242 243 244 245 246 247 248 249
99: 0 99 176
100: 0 100 176
101: 8 9 10 20 101
102: 22 23 24 25 26 27 28 29 30 31 32 33 34 35 36 37 38 39 40 41 42 43 44 102 192 239 240 241 244 245 246 247 248 249
103: 22 23 24 25 26 27 28 29 30 31 32 36 37 38 39 40 41 103 177 239 240 241 244 245 246 247 248 249
104: 22 24 31 32 104
105: 22 24 31 32 35 105
106: 22 23 24 25 26 27 28 29 30 31 32 34 35 36 37 38 39 40 41 106 119 120 193 239 240 241 244 245 246 247 248 249
107: 22 23 24 25 27 28 29 30 31 32 34 35 107
108: 108 177 196
109: 101 109
110: 102 110 192
111: 103 111
112: 104 112
113: 105 113
114: 106 114 119 120 193
115: 107 115
116: 108 116
117: 117 192
118: 118 193
119: 119 193 194
120: 119 120 195
121: 121 196
122: 123 183 199 208
123: 124 184 200 209
124: 125 185 201 210
125: 126 186 202 211
126: 127 187 203 212
127: 128 188 204 213
128: 17 129 205 214
129: 18 130 206 215
130: 131 191 207 216
131: 8 9 10 20 122
132: 132
133: 133
134: 134 224
135: 135 224
136: 136 224
137: 137 224
138: 138 224
139: 139
140: 140
141: 141
142: 142
143: 143
144: 144
145: 145
146: 146
147: 147
148: 148
149: 134 135 136 138 149 181
150: 145 150 225
151: 139 141 142 143 148 151 225
152: 152 224
153: 153 224
154: 154 224
155: 155 224
156: 156 224
157: 157 224
158: 158 224
159: 159 224
160: 160 224
161: 161 224
162: 162 224
163: 163 224
164: 164 224
165: 165 224
166: 166 224
167: 167 224
168: 168 224
169: 169 224
170: 170 224
171: 171
172: 172
173: 173
174: 174
175: 228
176: 229
177: 230
178: 231
179: 232
180: 233
181: 234
182: 235
183: 236
184: 237
185: 175 238
186: 228 238 239 250
187: 229 238 240 251
188: 230 238 239 240 241 242 243 244 245 246 249 252
189: 238 242
190: 238 243
191: 231 238 239 240 241 244 253
192: 119 120 192 193 232 238 239 241 245 246 249 254
193: 119 120 192 193 196 233 238 239 245 246 255
194: 119 120 192 193 234 238 239 241 244 247 248 249 256
195: 119 120 192 193 235 238 242 248 257
196: 119 120 192 193 236 238 239 241 244 249 258
197: 238 250
198: 238 251
199: 238 252
200: 238 253
201: 238 254
202: 238 255
203: 238 256
204: 238 257
205: 238 258
206: 259
207: 
208: 
209: 
210: 
211: 
212: 
213: 
214: 
215: 
216: 
217: 
218: 
219: 
220: 
221: 
222: 
223: 
224: 
225: 
226: 
227: 
228: 
229: 
230: 
231: 
232: 
233: 
234: 
235: 
236: 
237: 
238: 
239: 
240: 
241: 
242: 
243: 
244: 
245: 
246: 
247: 
248: 
249: 
250: 
251: 
252: 
253: 
254: 
255: 
256: 
257: 
258: 
259: 
